[0.        0.        1.1785016 ... 0.        0.        4.9072027]
[0. 0. 0. ... 0. 0. 0.]
[0.         0.         0.         ... 0.         0.         0.00551917]
[0. 0. 0. ... 0. 0. 0.]
[0. 0. 0. ... 0. 0. 0.]
[0. 0. 0. ... 0. 0. 0.]
[0. 0. 0. ... 0. 0. 0.]
[0. 0. 0. ... 0. 0. 0.]
[0.        0.        0.        ... 0.        0.        0.8781526]
[0.8363091 0.        0.        ... 0.        0.        1.205776 ]
[0. 0. 0. ... 0. 0. 0.]
[0. 0. 0. ... 0. 0. 0.]
[0.        0.        0.        ... 0.        0.        0.4924363]
[0.        0.        0.        ... 0.        0.        1.9234115]
[0.         0.         0.         ... 0.         0.         0.22703308]
[0.         0.         0.         ... 0.         0.         0.13137788]
[0.        0.        0.        ... 0.        0.        2.0489767]
[5.234216  0.        0.        ... 0.        0.        0.6110293]
[0.        0.        0.        ... 0.        0.        1.3987569]
[0. 0. 0. ... 0. 0. 0.]
[0.         0.         0.49410582 ... 0.         0.         0.        ]
[0. 0. 0. ... 0. 0. 0.]
[0. 0. 0. ... 0. 0. 0.]
[0. 0. 0. ... 0. 0. 0.]
[0.        0.        0.        ... 0.        0.        0.6747003]
[0.         0.         0.19125137 ... 0.         0.         1.2839909 ]
[0.       0.       0.       ... 0.       0.       2.010458]
[0. 0. 0. ... 0. 0. 0.]
[0.        0.9497739 0.        ... 0.        0.        0.       ]
[0.        0.        0.        ... 0.        0.        2.8664365]
[0.        0.        0.        ... 0.        0.        3.3015833]
[0.        0.        0.        ... 0.        0.        0.8769467]
[0. 0. 0. ... 0. 0. 0.]
[0. 0. 0. ... 0. 0. 0.]
[0. 0. 0. ... 0. 0. 0.]
[0. 0. 0. ... 0. 0. 0.]
[0. 0. 0. ... 0. 0. 0.]
[0. 0. 0. ... 0. 0. 0.]
[0. 0. 0. ... 0. 0. 0.]
[0. 0. 0. ... 0. 0. 0.]
[0. 0. 0. ... 0. 0. 0.]
[0. 0. 0. ... 0. 0. 0.]
[0. 0. 0. ... 0. 0. 0.]
[0. 0. 0. ... 0. 0. 0.]
[0. 0. 0. ... 0. 0. 0.]
[0. 0. 0. ... 0. 0. 0.]
[0. 0. 0. ... 0. 0. 0.]
[0. 0. 0. ... 0. 0. 0.]
[0. 0. 0. ... 0. 0. 0.]
[0. 0. 0. ... 0. 0. 0.]
[0. 0. 0. ... 0. 0. 0.]
[0. 0. 0. ... 0. 0. 0.]
[0. 0. 0. ... 0. 0. 0.]
[0. 0. 0. ... 0. 0. 0.]
[0. 0. 0. ... 0. 0. 0.]
[0. 0. 0. ... 0. 0. 0.]
[0. 0. 0. ... 0. 0. 0.]
[0. 0. 0. ... 0. 0. 0.]
[0. 0. 0. ... 0. 0. 0.]
[0. 0. 0. ... 0. 0. 0.]
[0.        0.        0.        ... 0.        0.        1.2929996]
[0. 0. 0. ... 0. 0. 0.]
[0. 0. 0. ... 0. 0. 0.]
[0. 0. 0. ... 0. 0. 0.]
[0. 0. 0. ... 0. 0. 0.]
[0. 0. 0. ... 0. 0. 0.]
[0.       0.       0.       ... 0.       0.       1.253994]
[0. 0. 0. ... 0. 0. 0.]
[0.        0.        0.        ... 0.        0.        0.9265596]
[0. 0. 0. ... 0. 0. 0.]
[0. 0. 0. ... 0. 0. 0.]
[0. 0. 0. ... 0. 0. 0.]
[0. 0. 0. ... 0. 0. 0.]
[0.        0.        0.        ... 0.        0.        0.2688144]
[0. 0. 0. ... 0. 0. 0.]
[0.        0.        0.        ... 0.        0.        2.2281938]
[0.         0.         0.         ... 0.         0.         0.24006444]
[0. 0. 0. ... 0. 0. 0.]
[0. 0. 0. ... 0. 0. 0.]
[0. 0. 0. ... 0. 0. 0.]
[0. 0. 0. ... 0. 0. 0.]
[0. 0. 0. ... 0. 0. 0.]
[0. 0. 0. ... 0. 0. 0.]
[0.        0.        0.        ... 0.        0.        1.9206144]
[0.        0.        0.        ... 0.        0.        1.9072797]
[0. 0. 0. ... 0. 0. 0.]
[0. 0. 0. ... 0. 0. 0.]
[0. 0. 0. ... 0. 0. 0.]
[0. 0. 0. ... 0. 0. 0.]
[0. 0. 0. ... 0. 0. 0.]
[0. 0. 0. ... 0. 0. 0.]
[0. 0. 0. ... 0. 0. 0.]
[0. 0. 0. ... 0. 0. 0.]
[0. 0. 0. ... 0. 0. 0.]
[0. 0. 0. ... 0. 0. 0.]
[0.05238308 0.         0.         ... 0.         0.         1.5937203 ]
[0. 0. 0. ... 0. 0. 0.]
[0. 0. 0. ... 0. 0. 0.]
[0. 0. 0. ... 0. 0. 0.]
[0. 0. 0. ... 0. 0. 0.]
[0. 0. 0. ... 0. 0. 0.]
[0. 0. 0. ... 0. 0. 0.]
[0.        0.        0.        ... 0.        0.        1.5198004]
[0. 0. 0. ... 0. 0. 0.]
[0. 0. 0. ... 0. 0. 0.]
[0. 0. 0. ... 0. 0. 0.]
[0. 0. 0. ... 0. 0. 0.]
[0. 0. 0. ... 0. 0. 0.]
[0. 0. 0. ... 0. 0. 0.]
[0. 0. 0. ... 0. 0. 0.]
[0. 0. 0. ... 0. 0. 0.]
[0. 0. 0. ... 0. 0. 0.]
[0. 0. 0. ... 0. 0. 0.]
[0. 0. 0. ... 0. 0. 0.]
[0. 0. 0. ... 0. 0. 0.]
[0. 0. 0. ... 0. 0. 0.]
[0.         0.23304117 0.         ... 0.         0.         0.        ]
[0. 0. 0. ... 0. 0. 0.]
[0. 0. 0. ... 0. 0. 0.]
[0. 0. 0. ... 0. 0. 0.]
[0. 0. 0. ... 0. 0. 0.]
[0. 0. 0. ... 0. 0. 0.]
[0. 0. 0. ... 0. 0. 0.]
[0. 0. 0. ... 0. 0. 0.]
[1.5439937 0.        0.        ... 0.        0.        0.       ]
[0. 0. 0. ... 0. 0. 0.]
[0.         0.         0.         ... 0.         0.         0.05263542]
[0. 0. 0. ... 0. 0. 0.]
[0.        0.        0.        ... 0.        0.        2.4991798]
[0. 0. 0. ... 0. 0. 0.]
[0. 0. 0. ... 0. 0. 0.]
[0. 0. 0. ... 0. 0. 0.]
[0. 0. 0. ... 0. 0. 0.]
[0. 0. 0. ... 0. 0. 0.]
[0.63490295 0.         0.         ... 0.         0.         0.        ]
[0.         0.         0.67735726 ... 0.         0.         4.278371  ]
[0. 0. 0. ... 0. 0. 0.]
[0. 0. 0. ... 0. 0. 0.]
[0. 0. 0. ... 0. 0. 0.]
[0. 0. 0. ... 0. 0. 0.]
[0. 0. 0. ... 0. 0. 0.]
[0. 0. 0. ... 0. 0. 0.]
[0. 0. 0. ... 0. 0. 0.]
[0. 0. 0. ... 0. 0. 0.]
[0. 0. 0. ... 0. 0. 0.]
[0. 0. 0. ... 0. 0. 0.]
[0.        0.        0.        ... 0.        0.        0.6164385]
[0. 0. 0. ... 0. 0. 0.]
[0.         0.38315934 0.         ... 0.         0.         0.        ]
[0. 0. 0. ... 0. 0. 0.]
[0. 0. 0. ... 0. 0. 0.]
[0. 0. 0. ... 0. 0. 0.]
[0. 0. 0. ... 0. 0. 0.]
[0. 0. 0. ... 0. 0. 0.]
[0. 0. 0. ... 0. 0. 0.]
[0. 0. 0. ... 0. 0. 0.]
[0. 0. 0. ... 0. 0. 0.]
[0. 0. 0. ... 0. 0. 0.]
[0.        0.        0.        ... 0.        0.        4.3298206]
[0. 0. 0. ... 0. 0. 0.]
[0. 0. 0. ... 0. 0. 0.]
[0. 0. 0. ... 0. 0. 0.]
[0. 0. 0. ... 0. 0. 0.]
[0. 0. 0. ... 0. 0. 0.]
[0. 0. 0. ... 0. 0. 0.]
[0. 0. 0. ... 0. 0. 0.]
[0. 0. 0. ... 0. 0. 0.]
[0. 0. 0. ... 0. 0. 0.]
[0. 0. 0. ... 0. 0. 0.]
[0. 0. 0. ... 0. 0. 0.]
[0. 0. 0. ... 0. 0. 0.]
[0. 0. 0. ... 0. 0. 0.]
[0. 0. 0. ... 0. 0. 0.]
[0. 0. 0. ... 0. 0. 0.]
[0. 0. 0. ... 0. 0. 0.]
[0. 0. 0. ... 0. 0. 0.]
[0. 0. 0. ... 0. 0. 0.]
[0. 0. 0. ... 0. 0. 0.]
[0. 0. 0. ... 0. 0. 0.]
[0. 0. 0. ... 0. 0. 0.]
[0. 0. 0. ... 0. 0. 0.]
[0. 0. 0. ... 0. 0. 0.]
[0. 0. 0. ... 0. 0. 0.]
[0. 0. 0. ... 0. 0. 0.]
[0. 0. 0. ... 0. 0. 0.]
[0. 0. 0. ... 0. 0. 0.]
[0. 0. 0. ... 0. 0. 0.]
[0. 0. 0. ... 0. 0. 0.]
[0. 0. 0. ... 0. 0. 0.]
[0. 0. 0. ... 0. 0. 0.]
[0. 0. 0. ... 0. 0. 0.]
[0.        0.        0.        ... 0.        0.        0.1350435]
[0. 0. 0. ... 0. 0. 0.]
[0. 0. 0. ... 0. 0. 0.]
[0. 0. 0. ... 0. 0. 0.]
[0. 0. 0. ... 0. 0. 0.]
[0. 0. 0. ... 0. 0. 0.]
[0. 0. 0. ... 0. 0. 0.]
[0. 0. 0. ... 0. 0. 0.]
[0. 0. 0. ... 0. 0. 0.]
[0. 0. 0. ... 0. 0. 0.]
[0. 0. 0. ... 0. 0. 0.]
[0. 0. 0. ... 0. 0. 0.]
[0. 0. 0. ... 0. 0. 0.]
[0. 0. 0. ... 0. 0. 0.]
[0. 0. 0. ... 0. 0. 0.]
[0. 0. 0. ... 0. 0. 0.]
[0. 0. 0. ... 0. 0. 0.]
[0. 0. 0. ... 0. 0. 0.]
[0. 0. 0. ... 0. 0. 0.]
[0. 0. 0. ... 0. 0. 0.]
[0.         0.         0.         ... 0.         0.         0.28700358]
[0. 0. 0. ... 0. 0. 0.]
[0. 0. 0. ... 0. 0. 0.]
[0. 0. 0. ... 0. 0. 0.]
[0. 0. 0. ... 0. 0. 0.]
[0. 0. 0. ... 0. 0. 0.]
[0. 0. 0. ... 0. 0. 0.]
[0. 0. 0. ... 0. 0. 0.]
[0. 0. 0. ... 0. 0. 0.]
[0. 0. 0. ... 0. 0. 0.]
[0. 0. 0. ... 0. 0. 0.]
[0.5540617 0.        0.        ... 0.        0.        0.       ]
[0. 0. 0. ... 0. 0. 0.]
[0. 0. 0. ... 0. 0. 0.]
[0. 0. 0. ... 0. 0. 0.]
[0. 0. 0. ... 0. 0. 0.]
[0. 0. 0. ... 0. 0. 0.]
[0. 0. 0. ... 0. 0. 0.]
[0. 0. 0. ... 0. 0. 0.]
[0. 0. 0. ... 0. 0. 0.]
[0. 0. 0. ... 0. 0. 0.]
[0. 0. 0. ... 0. 0. 0.]
[0. 0. 0. ... 0. 0. 0.]
[0. 0. 0. ... 0. 0. 0.]
[0. 0. 0. ... 0. 0. 0.]
[0. 0. 0. ... 0. 0. 0.]
[0. 0. 0. ... 0. 0. 0.]
[0. 0. 0. ... 0. 0. 0.]
[0. 0. 0. ... 0. 0. 0.]
[0. 0. 0. ... 0. 0. 0.]
[0. 0. 0. ... 0. 0. 0.]
[0. 0. 0. ... 0. 0. 0.]
[0. 0. 0. ... 0. 0. 0.]
[0. 0. 0. ... 0. 0. 0.]
[0. 0. 0. ... 0. 0. 0.]
[0. 0. 0. ... 0. 0. 0.]
[0.         0.         0.         ... 0.         0.         0.97258645]
[0. 0. 0. ... 0. 0. 0.]
[0. 0. 0. ... 0. 0. 0.]
[0. 0. 0. ... 0. 0. 0.]
[0. 0. 0. ... 0. 0. 0.]
[0. 0. 0. ... 0. 0. 0.]
[0. 0. 0. ... 0. 0. 0.]
[0. 0. 0. ... 0. 0. 0.]
[0. 0. 0. ... 0. 0. 0.]
[0. 0. 0. ... 0. 0. 0.]
[0. 0. 0. ... 0. 0. 0.]
[0. 0. 0. ... 0. 0. 0.]
[0. 0. 0. ... 0. 0. 0.]
[0. 0. 0. ... 0. 0. 0.]
[0. 0. 0. ... 0. 0. 0.]
[0. 0. 0. ... 0. 0. 0.]
[0. 0. 0. ... 0. 0. 0.]
[0. 0. 0. ... 0. 0. 0.]
[0. 0. 0. ... 0. 0. 0.]
[0. 0. 0. ... 0. 0. 0.]
[0. 0. 0. ... 0. 0. 0.]
[1.390424 0.       0.       ... 0.       0.       0.      ]
[0. 0. 0. ... 0. 0. 0.]
[0. 0. 0. ... 0. 0. 0.]
[0.5172821 0.        0.        ... 0.        0.        0.       ]
[0. 0. 0. ... 0. 0. 0.]
[0. 0. 0. ... 0. 0. 0.]
[0. 0. 0. ... 0. 0. 0.]
[0. 0. 0. ... 0. 0. 0.]
[0. 0. 0. ... 0. 0. 0.]
[0. 0. 0. ... 0. 0. 0.]
[0. 0. 0. ... 0. 0. 0.]
[0. 0. 0. ... 0. 0. 0.]
[0. 0. 0. ... 0. 0. 0.]
[0. 0. 0. ... 0. 0. 0.]
[0. 0. 0. ... 0. 0. 0.]
[0. 0. 0. ... 0. 0. 0.]
[0. 0. 0. ... 0. 0. 0.]
[0. 0. 0. ... 0. 0. 0.]
[0. 0. 0. ... 0. 0. 0.]
[0. 0. 0. ... 0. 0. 0.]
[0. 0. 0. ... 0. 0. 0.]
[6.0742936 0.        0.        ... 0.        0.        0.       ]
[0. 0. 0. ... 0. 0. 0.]
[0. 0. 0. ... 0. 0. 0.]
[0. 0. 0. ... 0. 0. 0.]
[0. 0. 0. ... 0. 0. 0.]
[0. 0. 0. ... 0. 0. 0.]
[0. 0. 0. ... 0. 0. 0.]
[0. 0. 0. ... 0. 0. 0.]
[2.9038508 0.        0.        ... 0.        0.        0.       ]
[1.2558657 0.        0.        ... 0.        0.        0.       ]
[0.42220566 0.         0.         ... 0.         0.         0.        ]
[0. 0. 0. ... 0. 0. 0.]
[0. 0. 0. ... 0. 0. 0.]
[0. 0. 0. ... 0. 0. 0.]
[0. 0. 0. ... 0. 0. 0.]
[0. 0. 0. ... 0. 0. 0.]
[0. 0. 0. ... 0. 0. 0.]
[1.4430249 0.        0.        ... 0.        0.        0.       ]
[0. 0. 0. ... 0. 0. 0.]
[0. 0. 0. ... 0. 0. 0.]
[0.75352097 0.         0.         ... 0.         0.         0.        ]
[0. 0. 0. ... 0. 0. 0.]
[0.9338121 0.        0.        ... 0.        0.        0.       ]
[0. 0. 0. ... 0. 0. 0.]
[0.7084481 0.        0.        ... 0.        0.        0.       ]
[0.        0.        0.        ... 0.        0.        1.0845708]
[0. 0. 0. ... 0. 0. 0.]
[0. 0. 0. ... 0. 0. 0.]
[0. 0. 0. ... 0. 0. 0.]
[1.489632 0.       0.       ... 0.       0.       0.      ]
[0. 0. 0. ... 0. 0. 0.]
[0. 0. 0. ... 0. 0. 0.]
[0. 0. 0. ... 0. 0. 0.]
[0. 0. 0. ... 0. 0. 0.]
[0. 0. 0. ... 0. 0. 0.]
[0. 0. 0. ... 0. 0. 0.]
[0.        0.        0.        ... 0.        0.        0.3994914]
[0. 0. 0. ... 0. 0. 0.]
[0.        0.        0.        ... 0.        0.        0.8848499]
[0. 0. 0. ... 0. 0. 0.]
[0. 0. 0. ... 0. 0. 0.]
[0.        0.        0.        ... 0.        0.        0.2732483]
[0. 0. 0. ... 0. 0. 0.]
[0. 0. 0. ... 0. 0. 0.]
[0. 0. 0. ... 0. 0. 0.]
[0.        0.        0.        ... 0.        0.        0.7653542]
[0. 0. 0. ... 0. 0. 0.]
[0.        0.        0.        ... 0.        0.        0.6809223]
[0.       0.       0.       ... 0.       0.       0.181927]
[0. 0. 0. ... 0. 0. 0.]
[0. 0. 0. ... 0. 0. 0.]
[0. 0. 0. ... 0. 0. 0.]
[0. 0. 0. ... 0. 0. 0.]
[0.         0.         0.         ... 0.         0.         0.37070504]
[0.        0.        0.        ... 0.        0.        1.6153737]
[0. 0. 0. ... 0. 0. 0.]
[0. 0. 0. ... 0. 0. 0.]
[0. 0. 0. ... 0. 0. 0.]
[0. 0. 0. ... 0. 0. 0.]
[0.       0.       0.       ... 0.       0.       1.600059]
[0.       0.       0.       ... 0.       0.       1.001568]
[0. 0. 0. ... 0. 0. 0.]
[0.        0.        0.        ... 0.        0.        3.9930391]
[0. 0. 0. ... 0. 0. 0.]
[0. 0. 0. ... 0. 0. 0.]
[0. 0. 0. ... 0. 0. 0.]
[0. 0. 0. ... 0. 0. 0.]
[0. 0. 0. ... 0. 0. 0.]
[0. 0. 0. ... 0. 0. 0.]
[0. 0. 0. ... 0. 0. 0.]
[0. 0. 0. ... 0. 0. 0.]
[0. 0. 0. ... 0. 0. 0.]
[0. 0. 0. ... 0. 0. 0.]
[0. 0. 0. ... 0. 0. 0.]
[0. 0. 0. ... 0. 0. 0.]
[0. 0. 0. ... 0. 0. 0.]
[0. 0. 0. ... 0. 0. 0.]
[0. 0. 0. ... 0. 0. 0.]
[0. 0. 0. ... 0. 0. 0.]
[0. 0. 0. ... 0. 0. 0.]
[0. 0. 0. ... 0. 0. 0.]
[0. 0. 0. ... 0. 0. 0.]
[0. 0. 0. ... 0. 0. 0.]
[0. 0. 0. ... 0. 0. 0.]
[0.         0.         0.         ... 0.         0.         0.39163417]
[0. 0. 0. ... 0. 0. 0.]
[0. 0. 0. ... 0. 0. 0.]
[0. 0. 0. ... 0. 0. 0.]
[0. 0. 0. ... 0. 0. 0.]
[0. 0. 0. ... 0. 0. 0.]
[0. 0. 0. ... 0. 0. 0.]
[0.        0.7782942 0.        ... 0.        0.        0.       ]
[0. 0. 0. ... 0. 0. 0.]
[0. 0. 0. ... 0. 0. 0.]
[0. 0. 0. ... 0. 0. 0.]
[0. 0. 0. ... 0. 0. 0.]
[0.        0.        0.        ... 0.        0.        0.5431505]
[0. 0. 0. ... 0. 0. 0.]
[0.        0.        0.        ... 0.        0.        0.8863062]
[0.         0.         0.         ... 0.         0.         0.03907143]
[0. 0. 0. ... 0. 0. 0.]
[0. 0. 0. ... 0. 0. 0.]
[0. 0. 0. ... 0. 0. 0.]
[0.         0.15026462 0.         ... 0.         0.         0.        ]
[0. 0. 0. ... 0. 0. 0.]
[0. 0. 0. ... 0. 0. 0.]
[0. 0. 0. ... 0. 0. 0.]
[0. 0. 0. ... 0. 0. 0.]
[0. 0. 0. ... 0. 0. 0.]
[0. 0. 0. ... 0. 0. 0.]
[0. 0. 0. ... 0. 0. 0.]
[0. 0. 0. ... 0. 0. 0.]
[0. 0. 0. ... 0. 0. 0.]
[0. 0. 0. ... 0. 0. 0.]
[0. 0. 0. ... 0. 0. 0.]
[0. 0. 0. ... 0. 0. 0.]
[0. 0. 0. ... 0. 0. 0.]
[0. 0. 0. ... 0. 0. 0.]
[0.        0.        0.        ... 0.        0.        0.9917334]
[0. 0. 0. ... 0. 0. 0.]
[0.         0.         0.         ... 0.         0.         0.45314234]
[0. 0. 0. ... 0. 0. 0.]
[0. 0. 0. ... 0. 0. 0.]
[0. 0. 0. ... 0. 0. 0.]
[0. 0. 0. ... 0. 0. 0.]
[0. 0. 0. ... 0. 0. 0.]
[0. 0. 0. ... 0. 0. 0.]
[0. 0. 0. ... 0. 0. 0.]
[0. 0. 0. ... 0. 0. 0.]
[0. 0. 0. ... 0. 0. 0.]
[0. 0. 0. ... 0. 0. 0.]
[0. 0. 0. ... 0. 0. 0.]
[0. 0. 0. ... 0. 0. 0.]
[0. 0. 0. ... 0. 0. 0.]
[0. 0. 0. ... 0. 0. 0.]
[0.         0.         0.         ... 0.         0.         0.16211843]
[0. 0. 0. ... 0. 0. 0.]
[2.6988657 0.        0.        ... 0.        0.        0.       ]
[0. 0. 0. ... 0. 0. 0.]
[0. 0. 0. ... 0. 0. 0.]
[0. 0. 0. ... 0. 0. 0.]
[0.93330926 0.         0.         ... 0.         0.         3.4841664 ]
[0. 0. 0. ... 0. 0. 0.]
[0. 0. 0. ... 0. 0. 0.]
[0.05363892 0.         0.         ... 0.         0.         0.6029442 ]
[0.         0.         0.         ... 0.         0.         0.69613135]
[1.6044177 0.        0.        ... 0.        0.        0.7549001]
[0. 0. 0. ... 0. 0. 0.]
[0. 0. 0. ... 0. 0. 0.]
[0. 0. 0. ... 0. 0. 0.]
[0.        0.        0.        ... 0.        0.        3.1516986]
[0.        0.        1.3345283 ... 0.        0.        4.7369437]
[0.22656617 2.57635    0.         ... 0.         0.         0.        ]
[0.        0.        0.        ... 0.        0.        1.6444439]
[0. 0. 0. ... 0. 0. 0.]
[1.2694557 0.        0.        ... 0.        0.        0.       ]
[0. 0. 0. ... 0. 0. 0.]
[0.         0.11721641 0.         ... 0.         0.         0.24161777]
[0.        0.        0.        ... 0.        0.        1.6410617]
[3.7160635  0.         0.         ... 0.         0.         0.97716284]
[0.18278755 0.         0.         ... 0.         0.         0.        ]
[0. 0. 0. ... 0. 0. 0.]
[0. 0. 0. ... 0. 0. 0.]
[0.4319656 0.        0.        ... 0.        0.        0.       ]
[0. 0. 0. ... 0. 0. 0.]
[0. 0. 0. ... 0. 0. 0.]
[5.934589 0.       0.       ... 0.       0.       0.      ]
[0.        0.        0.        ... 0.        0.        1.0377243]
[0.        0.        0.        ... 0.        0.        4.1696663]
[0. 0. 0. ... 0. 0. 0.]
[0.         0.         0.         ... 0.         0.         0.24948463]
[0.        0.        0.        ... 0.        0.        0.7784538]
[0.77046317 0.69819534 0.         ... 0.         0.         0.        ]
[0.      0.      0.      ... 0.      0.      3.29608]
[0.        0.        0.        ... 0.        0.        1.6001376]
[0. 0. 0. ... 0. 0. 0.]
[3.9983418 0.        0.        ... 0.        0.        0.       ]
[0.        0.        0.        ... 0.        0.        2.1058364]
[0. 0. 0. ... 0. 0. 0.]
[3.5221226 0.        0.        ... 0.        0.        4.301809 ]
[0. 0. 0. ... 0. 0. 0.]
[0.         0.         0.         ... 0.         0.         0.28760296]
[0. 0. 0. ... 0. 0. 0.]
[0.        0.        0.        ... 0.        0.        2.7419767]
[0.         0.         0.         ... 0.         0.         0.13726968]
[0.        0.        0.        ... 0.        0.        1.5051693]
[0.        0.        0.        ... 0.        0.        2.2283216]
[0. 0. 0. ... 0. 0. 0.]
[0.         0.         0.         ... 0.         0.         0.01474085]
[3.245258 0.       0.       ... 0.       0.       0.      ]
[0.       0.       0.       ... 0.       0.       3.523027]
[1.8605709 0.        1.638473  ... 0.        0.        1.9870855]
[0.        0.        0.        ... 0.        0.        2.9630394]
[0. 0. 0. ... 0. 0. 0.]
[0.17728136 0.         0.         ... 0.         0.         0.        ]
[0.        0.        0.7587618 ... 0.        0.        0.       ]
[0.        0.        0.        ... 0.        0.        0.8255563]
[0.43576667 0.         0.         ... 0.         0.         0.        ]
[1.3093655 0.        0.        ... 0.        0.        3.7714734]
[0. 0. 0. ... 0. 0. 0.]
[0.         0.         0.         ... 0.         0.         0.48544002]
[0.        0.0444247 0.        ... 0.        0.        3.0737638]
[0. 0. 0. ... 0. 0. 0.]
[0.15125014 0.         0.         ... 0.         0.         0.        ]
[0.        0.        0.        ... 0.        0.        0.5425252]
[0.         0.         0.         ... 0.         0.         0.27340436]
[0.        0.        0.        ... 0.        0.        4.1426144]
[1.1131141 0.        0.        ... 0.        0.        6.510044 ]
[0.        0.        0.        ... 0.        0.        1.7909178]
[0. 0. 0. ... 0. 0. 0.]
[0.        0.        0.        ... 0.        0.        1.4777988]
[0. 0. 0. ... 0. 0. 0.]
[1.8219242 0.        0.        ... 0.        0.        3.148276 ]
[0.       0.       0.       ... 0.       0.       2.727941]
[0. 0. 0. ... 0. 0. 0.]
[0.       0.       0.306836 ... 0.       0.       0.      ]
[1.6266339 0.        0.        ... 0.        0.        0.       ]
[0.       0.       0.       ... 0.       0.       3.619814]
[0. 0. 0. ... 0. 0. 0.]
[0.         0.         0.         ... 0.         0.         0.09930595]
[0.        0.        0.        ... 0.        0.        0.8930279]
[0.        0.        0.        ... 0.        0.        2.4178715]
[0. 0. 0. ... 0. 0. 0.]
[0.        0.        0.        ... 0.        0.        3.8191285]
[0. 0. 0. ... 0. 0. 0.]
[0. 0. 0. ... 0. 0. 0.]
[0. 0. 0. ... 0. 0. 0.]
[0.        0.        0.        ... 0.        0.        1.8970588]
[0.        0.        0.        ... 0.        0.        7.4917426]
[0. 0. 0. ... 0. 0. 0.]
[0. 0. 0. ... 0. 0. 0.]
[0.       0.       0.       ... 0.       0.       3.536459]
[0.       0.       0.       ... 0.       0.       8.394132]
[0. 0. 0. ... 0. 0. 0.]
[0. 0. 0. ... 0. 0. 0.]
[0.        0.        0.        ... 0.        0.        1.0443183]
[0. 0. 0. ... 0. 0. 0.]
[0. 0. 0. ... 0. 0. 0.]
[0. 0. 0. ... 0. 0. 0.]
[0. 0. 0. ... 0. 0. 0.]
[0.        0.        0.        ... 0.        0.        2.1122568]
[0.       0.       0.       ... 0.       0.       3.610797]
[0. 0. 0. ... 0. 0. 0.]
[0. 0. 0. ... 0. 0. 0.]
[0.         0.         0.         ... 0.         0.         0.39995813]
[0.        0.        0.        ... 0.        0.        3.0816479]
[1.0180305 0.        0.        ... 0.        0.        4.729485 ]
[0. 0. 0. ... 0. 0. 0.]
[0.        0.        0.        ... 0.        0.        6.0291767]
[0.        0.        0.        ... 0.        0.        4.7374907]
[0.        0.        0.        ... 0.        0.        0.5297801]
[0.         0.         0.         ... 0.         0.         0.92222583]
[0.        0.        0.        ... 0.        0.        1.2357368]
[0. 0. 0. ... 0. 0. 0.]
[0.       0.       0.       ... 0.       0.       8.063405]
[0. 0. 0. ... 0. 0. 0.]
[0.        0.        0.        ... 0.        0.        2.4782043]
[0. 0. 0. ... 0. 0. 0.]
[0. 0. 0. ... 0. 0. 0.]
[0.        0.        0.6092544 ... 0.        0.        4.2342615]
[0. 0. 0. ... 0. 0. 0.]
[0.        0.        0.        ... 0.        0.        7.5155654]
[0. 0. 0. ... 0. 0. 0.]
[0.        0.        0.        ... 0.        0.        0.5564231]
[3.508846 0.       0.       ... 0.       0.       0.      ]
[0. 0. 0. ... 0. 0. 0.]
[0. 0. 0. ... 0. 0. 0.]
[0.        0.        0.        ... 0.        0.        4.4552817]
[0. 0. 0. ... 0. 0. 0.]
[0.04718055 0.         0.         ... 0.         0.         2.4268823 ]
[0. 0. 0. ... 0. 0. 0.]
[0.         0.         0.298862   ... 0.         0.         0.09461539]
[0.        0.        0.        ... 0.        0.        4.5064964]
[0. 0. 0. ... 0. 0. 0.]
[0. 0. 0. ... 0. 0. 0.]
[0. 0. 0. ... 0. 0. 0.]
[0. 0. 0. ... 0. 0. 0.]
[0. 0. 0. ... 0. 0. 0.]
[0. 0. 0. ... 0. 0. 0.]
[0. 0. 0. ... 0. 0. 0.]
[0. 0. 0. ... 0. 0. 0.]
[0.         0.         0.         ... 0.         0.         0.02586757]
[0. 0. 0. ... 0. 0. 0.]
[0. 0. 0. ... 0. 0. 0.]
[0. 0. 0. ... 0. 0. 0.]
[0. 0. 0. ... 0. 0. 0.]
[0. 0. 0. ... 0. 0. 0.]
[0.        0.        0.        ... 0.        0.        1.3211874]
[0. 0. 0. ... 0. 0. 0.]
[0. 0. 0. ... 0. 0. 0.]
[0. 0. 0. ... 0. 0. 0.]
[0. 0. 0. ... 0. 0. 0.]
[0. 0. 0. ... 0. 0. 0.]
[0. 0. 0. ... 0. 0. 0.]
[0.         0.26788884 0.         ... 0.         0.         0.        ]
[0. 0. 0. ... 0. 0. 0.]
[0. 0. 0. ... 0. 0. 0.]
[0. 0. 0. ... 0. 0. 0.]
[0. 0. 0. ... 0. 0. 0.]
[0. 0. 0. ... 0. 0. 0.]
[0. 0. 0. ... 0. 0. 0.]
[0. 0. 0. ... 0. 0. 0.]
[0. 0. 0. ... 0. 0. 0.]
[0. 0. 0. ... 0. 0. 0.]
[0. 0. 0. ... 0. 0. 0.]
[0. 0. 0. ... 0. 0. 0.]
[0. 0. 0. ... 0. 0. 0.]
[0. 0. 0. ... 0. 0. 0.]
[0. 0. 0. ... 0. 0. 0.]
[0. 0. 0. ... 0. 0. 0.]
[0. 0. 0. ... 0. 0. 0.]
[0.        0.        0.        ... 0.        0.        6.3215165]
[0.       0.       0.       ... 0.       0.       5.523742]
[0.         0.         0.         ... 0.         0.         0.03989422]
[0.        0.        0.        ... 0.        0.        1.8199936]
[0.        0.        0.        ... 0.        0.        1.9288886]
[ 0.        0.        0.       ...  0.        0.       10.450609]
[0.        0.        0.        ... 0.        0.        3.5371163]
[0.        0.        0.        ... 0.        0.        1.9085655]
[0.      0.      0.      ... 0.      0.      6.44672]
[0.        0.        0.        ... 0.        0.        6.3601933]
[0.        0.        0.        ... 0.        0.        3.5977564]
[0.       0.       0.       ... 0.       0.       4.741376]
[ 0.        0.        0.       ...  0.        0.       10.021639]
[0.        0.        0.        ... 0.        0.        9.7767515]
[0.         0.         0.         ... 0.         0.         0.16748905]
[0.7023175 0.        0.        ... 0.        0.        4.1406007]
[0.        0.        0.        ... 0.        0.        5.5516663]
[0. 0. 0. ... 0. 0. 0.]
[0.        0.        0.        ... 0.        0.        7.3013554]
[0.       0.       0.       ... 0.       0.       8.194139]
[0. 0. 0. ... 0. 0. 0.]
[0. 0. 0. ... 0. 0. 0.]
[0. 0. 0. ... 0. 0. 0.]
[0.       0.       0.       ... 0.       0.       2.204415]
[0.        0.        0.        ... 0.        0.        1.0857605]
[0. 0. 0. ... 0. 0. 0.]
[0. 0. 0. ... 0. 0. 0.]
[0. 0. 0. ... 0. 0. 0.]
[0.       0.       0.       ... 0.       0.       2.478515]
[0. 0. 0. ... 0. 0. 0.]
[0.        0.        0.        ... 0.        0.        1.0257368]
[0.        0.        0.        ... 0.        0.        4.2076654]
[0.        0.        0.        ... 0.        0.        2.5370445]
[0. 0. 0. ... 0. 0. 0.]
[0. 0. 0. ... 0. 0. 0.]
[0.         0.         0.         ... 0.         0.         0.19578493]
[0.        0.        1.4000638 ... 0.        0.        1.5619024]
[0.       0.       0.313029 ... 0.       0.       0.      ]
[0. 0. 0. ... 0. 0. 0.]
[0.        0.        1.2381763 ... 0.        0.        2.0446396]
[0. 0. 0. ... 0. 0. 0.]
[0. 0. 0. ... 0. 0. 0.]
[0.         0.         0.21008903 ... 0.         0.         0.        ]
[0. 0. 0. ... 0. 0. 0.]
[0. 0. 0. ... 0. 0. 0.]
[0. 0. 0. ... 0. 0. 0.]
[0. 0. 0. ... 0. 0. 0.]
[0. 0. 0. ... 0. 0. 0.]
[0. 0. 0. ... 0. 0. 0.]
[0. 0. 0. ... 0. 0. 0.]
[0. 0. 0. ... 0. 0. 0.]
[0.       0.       0.       ... 0.       0.       2.452609]
[0. 0. 0. ... 0. 0. 0.]
[0.        0.        0.        ... 0.        0.        2.3857946]
[0. 0. 0. ... 0. 0. 0.]
[0.        0.        0.        ... 0.        0.        2.0652068]
[0. 0. 0. ... 0. 0. 0.]
[0.        0.        0.        ... 0.        0.        1.3916224]
[0. 0. 0. ... 0. 0. 0.]
[0. 0. 0. ... 0. 0. 0.]
[0. 0. 0. ... 0. 0. 0.]
[0. 0. 0. ... 0. 0. 0.]
[0. 0. 0. ... 0. 0. 0.]
[0. 0. 0. ... 0. 0. 0.]
[0. 0. 0. ... 0. 0. 0.]
[0. 0. 0. ... 0. 0. 0.]
[0. 0. 0. ... 0. 0. 0.]
[0. 0. 0. ... 0. 0. 0.]
[0. 0. 0. ... 0. 0. 0.]
[0. 0. 0. ... 0. 0. 0.]
[0. 0. 0. ... 0. 0. 0.]
[0. 0. 0. ... 0. 0. 0.]
[0.        0.        0.        ... 0.        0.        0.9687067]
[0. 0. 0. ... 0. 0. 0.]
[0. 0. 0. ... 0. 0. 0.]
[0. 0. 0. ... 0. 0. 0.]
[0. 0. 0. ... 0. 0. 0.]
[0. 0. 0. ... 0. 0. 0.]
[0. 0. 0. ... 0. 0. 0.]
[0. 0. 0. ... 0. 0. 0.]
[0. 0. 0. ... 0. 0. 0.]
[0. 0. 0. ... 0. 0. 0.]
[0.        0.        0.        ... 0.        0.        2.8538127]
[0.         0.         0.28886122 ... 0.         0.         1.2029854 ]
[0. 0. 0. ... 0. 0. 0.]
[4.3598933 0.        0.        ... 0.        0.        3.2921257]
[0. 0. 0. ... 0. 0. 0.]
[0. 0. 0. ... 0. 0. 0.]
[0. 0. 0. ... 0. 0. 0.]
[0. 0. 0. ... 0. 0. 0.]
[0. 0. 0. ... 0. 0. 0.]
[0. 0. 0. ... 0. 0. 0.]
[0. 0. 0. ... 0. 0. 0.]
[0. 0. 0. ... 0. 0. 0.]
[3.2935126 0.        0.        ... 0.        0.        0.       ]
[0.         0.05306478 0.         ... 0.         0.         0.4674223 ]
[0.25418422 0.         0.         ... 0.         0.         0.        ]
[0.3957679 0.        0.        ... 0.        0.        0.       ]
[0.       0.       0.       ... 0.       0.       1.615702]
[0. 0. 0. ... 0. 0. 0.]
[0.630908 0.       0.       ... 0.       0.       0.      ]
[2.3957937 0.        0.        ... 0.        0.        0.8965951]
[0. 0. 0. ... 0. 0. 0.]
[0. 0. 0. ... 0. 0. 0.]
[0. 0. 0. ... 0. 0. 0.]
[0. 0. 0. ... 0. 0. 0.]
[0.        0.        0.        ... 0.        0.        1.3177701]
[0. 0. 0. ... 0. 0. 0.]
[0. 0. 0. ... 0. 0. 0.]
[0. 0. 0. ... 0. 0. 0.]
[0. 0. 0. ... 0. 0. 0.]
[0. 0. 0. ... 0. 0. 0.]
[0.         0.         0.         ... 0.         0.         0.10077315]
[0. 0. 0. ... 0. 0. 0.]
[0. 0. 0. ... 0. 0. 0.]
[0. 0. 0. ... 0. 0. 0.]
[0. 0. 0. ... 0. 0. 0.]
[0. 0. 0. ... 0. 0. 0.]
[0. 0. 0. ... 0. 0. 0.]
[0. 0. 0. ... 0. 0. 0.]
[0. 0. 0. ... 0. 0. 0.]
[0. 0. 0. ... 0. 0. 0.]
[0.         0.         0.         ... 0.         0.         0.32098275]
[0. 0. 0. ... 0. 0. 0.]
[0. 0. 0. ... 0. 0. 0.]
[0. 0. 0. ... 0. 0. 0.]
[0. 0. 0. ... 0. 0. 0.]
[0. 0. 0. ... 0. 0. 0.]
[0.09005935 0.         0.03640693 ... 0.         0.         0.        ]
[0. 0. 0. ... 0. 0. 0.]
[0. 0. 0. ... 0. 0. 0.]
[0. 0. 0. ... 0. 0. 0.]
[0. 0. 0. ... 0. 0. 0.]
[0. 0. 0. ... 0. 0. 0.]
[0. 0. 0. ... 0. 0. 0.]
[0. 0. 0. ... 0. 0. 0.]
[0. 0. 0. ... 0. 0. 0.]
[0. 0. 0. ... 0. 0. 0.]
[0. 0. 0. ... 0. 0. 0.]
[0. 0. 0. ... 0. 0. 0.]
[0.        0.        0.        ... 0.        0.        1.1881813]
[0. 0. 0. ... 0. 0. 0.]
[0. 0. 0. ... 0. 0. 0.]
[0. 0. 0. ... 0. 0. 0.]
[0. 0. 0. ... 0. 0. 0.]
[0. 0. 0. ... 0. 0. 0.]
[0. 0. 0. ... 0. 0. 0.]
[0. 0. 0. ... 0. 0. 0.]
[0. 0. 0. ... 0. 0. 0.]
[0. 0. 0. ... 0. 0. 0.]
[0. 0. 0. ... 0. 0. 0.]
[0. 0. 0. ... 0. 0. 0.]
[0.         0.12122586 0.         ... 0.         0.         0.        ]
[0. 0. 0. ... 0. 0. 0.]
[0. 0. 0. ... 0. 0. 0.]
[0. 0. 0. ... 0. 0. 0.]
[0. 0. 0. ... 0. 0. 0.]
[0. 0. 0. ... 0. 0. 0.]
[0. 0. 0. ... 0. 0. 0.]
[0. 0. 0. ... 0. 0. 0.]
[0. 0. 0. ... 0. 0. 0.]
[0. 0. 0. ... 0. 0. 0.]
[0. 0. 0. ... 0. 0. 0.]
[0. 0. 0. ... 0. 0. 0.]
[0. 0. 0. ... 0. 0. 0.]
[0. 0. 0. ... 0. 0. 0.]
[0.       0.       0.       ... 0.       0.       1.647078]
[0. 0. 0. ... 0. 0. 0.]
[0. 0. 0. ... 0. 0. 0.]
[0. 0. 0. ... 0. 0. 0.]
[0. 0. 0. ... 0. 0. 0.]
[0. 0. 0. ... 0. 0. 0.]
[0. 0. 0. ... 0. 0. 0.]
[0. 0. 0. ... 0. 0. 0.]
[0.         0.         0.93306917 ... 0.         0.         0.85226583]
[0. 0. 0. ... 0. 0. 0.]
[0.        0.        1.7332519 ... 0.        0.        0.       ]
[0. 0. 0. ... 0. 0. 0.]
[0.        0.        0.        ... 0.        0.        3.2120135]
[0. 0. 0. ... 0. 0. 0.]
[0. 0. 0. ... 0. 0. 0.]
[0. 0. 0. ... 0. 0. 0.]
[0. 0. 0. ... 0. 0. 0.]
[0. 0. 0. ... 0. 0. 0.]
[0.        0.        0.        ... 0.        0.        0.5283916]
[0. 0. 0. ... 0. 0. 0.]
[0.        0.        0.        ... 0.        0.        2.3116121]
[0. 0. 0. ... 0. 0. 0.]
[0. 0. 0. ... 0. 0. 0.]
[0. 0. 0. ... 0. 0. 0.]
[0. 0. 0. ... 0. 0. 0.]
[0. 0. 0. ... 0. 0. 0.]
[0. 0. 0. ... 0. 0. 0.]
[0. 0. 0. ... 0. 0. 0.]
[0. 0. 0. ... 0. 0. 0.]
[0. 0. 0. ... 0. 0. 0.]
[0. 0. 0. ... 0. 0. 0.]
[0. 0. 0. ... 0. 0. 0.]
[0.        0.        0.4359182 ... 0.        0.        0.       ]
[0.        0.        1.5022354 ... 0.        0.        0.       ]
[0. 0. 0. ... 0. 0. 0.]
[0. 0. 0. ... 0. 0. 0.]
[0. 0. 0. ... 0. 0. 0.]
[0. 0. 0. ... 0. 0. 0.]
[0. 0. 0. ... 0. 0. 0.]
[0. 0. 0. ... 0. 0. 0.]
[0. 0. 0. ... 0. 0. 0.]
[0. 0. 0. ... 0. 0. 0.]
[0. 0. 0. ... 0. 0. 0.]
[0. 0. 0. ... 0. 0. 0.]
[0. 0. 0. ... 0. 0. 0.]
[0.       0.       0.805234 ... 0.       0.       0.      ]
[0. 0. 0. ... 0. 0. 0.]
[0. 0. 0. ... 0. 0. 0.]
[0. 0. 0. ... 0. 0. 0.]
[0. 0. 0. ... 0. 0. 0.]
[0. 0. 0. ... 0. 0. 0.]
[0.        0.        0.        ... 0.        0.        1.0873103]
[0. 0. 0. ... 0. 0. 0.]
[0. 0. 0. ... 0. 0. 0.]
[0. 0. 0. ... 0. 0. 0.]
[0. 0. 0. ... 0. 0. 0.]
[0. 0. 0. ... 0. 0. 0.]
[0. 0. 0. ... 0. 0. 0.]
[0. 0. 0. ... 0. 0. 0.]
[0. 0. 0. ... 0. 0. 0.]
[0. 0. 0. ... 0. 0. 0.]
[0. 0. 0. ... 0. 0. 0.]
[0. 0. 0. ... 0. 0. 0.]
[0. 0. 0. ... 0. 0. 0.]
[0. 0. 0. ... 0. 0. 0.]
[0. 0. 0. ... 0. 0. 0.]
[0. 0. 0. ... 0. 0. 0.]
[0. 0. 0. ... 0. 0. 0.]
[0. 0. 0. ... 0. 0. 0.]
[0. 0. 0. ... 0. 0. 0.]
[0. 0. 0. ... 0. 0. 0.]
[0. 0. 0. ... 0. 0. 0.]
[0. 0. 0. ... 0. 0. 0.]
[0. 0. 0. ... 0. 0. 0.]
[0. 0. 0. ... 0. 0. 0.]
[0. 0. 0. ... 0. 0. 0.]
[0. 0. 0. ... 0. 0. 0.]
[0. 0. 0. ... 0. 0. 0.]
[0. 0. 0. ... 0. 0. 0.]
[0. 0. 0. ... 0. 0. 0.]
[0. 0. 0. ... 0. 0. 0.]
[0. 0. 0. ... 0. 0. 0.]
[0. 0. 0. ... 0. 0. 0.]
[0.       0.       0.       ... 0.       0.       4.689322]
[0. 0. 0. ... 0. 0. 0.]
[0. 0. 0. ... 0. 0. 0.]
[0. 0. 0. ... 0. 0. 0.]
[0. 0. 0. ... 0. 0. 0.]
[0. 0. 0. ... 0. 0. 0.]
[0.         0.         0.         ... 0.         0.         0.23707455]
[0. 0. 0. ... 0. 0. 0.]
[0. 0. 0. ... 0. 0. 0.]
[0. 0. 0. ... 0. 0. 0.]
[0. 0. 0. ... 0. 0. 0.]
[0. 0. 0. ... 0. 0. 0.]
[0.       0.       0.       ... 0.       0.       0.552949]
[0.        0.8186713 0.        ... 0.        0.        0.       ]
[0.        0.        0.        ... 0.        0.        0.6679349]
[0. 0. 0. ... 0. 0. 0.]
[0. 0. 0. ... 0. 0. 0.]
[0. 0. 0. ... 0. 0. 0.]
[0. 0. 0. ... 0. 0. 0.]
[0. 0. 0. ... 0. 0. 0.]
[0.        0.        0.        ... 0.        0.        2.2609353]
[0. 0. 0. ... 0. 0. 0.]
[0. 0. 0. ... 0. 0. 0.]
[0. 0. 0. ... 0. 0. 0.]
[0. 0. 0. ... 0. 0. 0.]
[0. 0. 0. ... 0. 0. 0.]
[0. 0. 0. ... 0. 0. 0.]
[0. 0. 0. ... 0. 0. 0.]
[0.        0.        0.        ... 0.        0.        1.0665596]
[0. 0. 0. ... 0. 0. 0.]
[0. 0. 0. ... 0. 0. 0.]
[0.         0.         0.         ... 0.         0.         0.16947299]
[0. 0. 0. ... 0. 0. 0.]
[0. 0. 0. ... 0. 0. 0.]
[0. 0. 0. ... 0. 0. 0.]
[0.         0.         0.         ... 0.         0.         0.99561864]
[0. 0. 0. ... 0. 0. 0.]
[0. 0. 0. ... 0. 0. 0.]
[0. 0. 0. ... 0. 0. 0.]
[0. 0. 0. ... 0. 0. 0.]
[0. 0. 0. ... 0. 0. 0.]
[0.         0.         0.         ... 0.         0.         0.61727583]
[0. 0. 0. ... 0. 0. 0.]
[0. 0. 0. ... 0. 0. 0.]
[0. 0. 0. ... 0. 0. 0.]
[0. 0. 0. ... 0. 0. 0.]
[0. 0. 0. ... 0. 0. 0.]
[0. 0. 0. ... 0. 0. 0.]
[0. 0. 0. ... 0. 0. 0.]
[0.         0.         0.         ... 0.         0.         0.03945132]
[0. 0. 0. ... 0. 0. 0.]
[0.        0.        0.        ... 0.        0.        1.2924722]
[0. 0. 0. ... 0. 0. 0.]
[0. 0. 0. ... 0. 0. 0.]
[0. 0. 0. ... 0. 0. 0.]
[0.        0.        1.6774426 ... 0.        0.        0.       ]
[0.27425697 0.         0.         ... 0.         0.         0.        ]
[0. 0. 0. ... 0. 0. 0.]
[0. 0. 0. ... 0. 0. 0.]
[0. 0. 0. ... 0. 0. 0.]
[0. 0. 0. ... 0. 0. 0.]
[1.076635 0.       0.       ... 0.       0.       0.      ]
[0.        0.        1.2187172 ... 0.        0.        0.       ]
[0. 0. 0. ... 0. 0. 0.]
[0.        0.        2.4373906 ... 0.        0.        0.       ]
[0.       0.       1.281193 ... 0.       0.       0.      ]
[0.        0.        1.2386129 ... 0.        0.        0.       ]
[0.        0.        1.6392322 ... 0.        0.        0.       ]
[0.        0.        2.7878354 ... 0.        0.        0.       ]
[0. 0. 0. ... 0. 0. 0.]
[0.         0.         0.10719674 ... 0.         0.         0.        ]
[0. 0. 0. ... 0. 0. 0.]
[0.         0.         0.27610022 ... 0.         0.         0.        ]
[0. 0. 0. ... 0. 0. 0.]
[0. 0. 0. ... 0. 0. 0.]
[2.2172914  0.         0.         ... 0.         0.         0.55482787]
[0. 0. 0. ... 0. 0. 0.]
[0. 0. 0. ... 0. 0. 0.]
[0. 0. 0. ... 0. 0. 0.]
[0. 0. 0. ... 0. 0. 0.]
[0.        0.        0.        ... 0.        0.        1.4791507]
[0. 0. 0. ... 0. 0. 0.]
[0. 0. 0. ... 0. 0. 0.]
[0.       0.       0.       ... 0.       0.       3.660088]
[0. 0. 0. ... 0. 0. 0.]
[0. 0. 0. ... 0. 0. 0.]
[0.40624186 0.         0.         ... 0.         0.         0.        ]
[0.        0.        0.        ... 0.        0.        1.4495226]
[0.        0.        0.        ... 0.        0.        2.5452151]
[0. 0. 0. ... 0. 0. 0.]
[0. 0. 0. ... 0. 0. 0.]
[0. 0. 0. ... 0. 0. 0.]
[0. 0. 0. ... 0. 0. 0.]
[0. 0. 0. ... 0. 0. 0.]
[0. 0. 0. ... 0. 0. 0.]
[0. 0. 0. ... 0. 0. 0.]
[0. 0. 0. ... 0. 0. 0.]
[0. 0. 0. ... 0. 0. 0.]
[0. 0. 0. ... 0. 0. 0.]
[0. 0. 0. ... 0. 0. 0.]
[0. 0. 0. ... 0. 0. 0.]
[0.       0.       0.       ... 0.       0.       6.565831]
[0. 0. 0. ... 0. 0. 0.]
[0. 0. 0. ... 0. 0. 0.]
[0. 0. 0. ... 0. 0. 0.]
[0.         1.0011911  0.         ... 0.         0.         0.90620995]
[0. 0. 0. ... 0. 0. 0.]
[0. 0. 0. ... 0. 0. 0.]
[0. 0. 0. ... 0. 0. 0.]
[0. 0. 0. ... 0. 0. 0.]
[0. 0. 0. ... 0. 0. 0.]
[0. 0. 0. ... 0. 0. 0.]
[0. 0. 0. ... 0. 0. 0.]
[0. 0. 0. ... 0. 0. 0.]
[0. 0. 0. ... 0. 0. 0.]
[0. 0. 0. ... 0. 0. 0.]
[0. 0. 0. ... 0. 0. 0.]
[0. 0. 0. ... 0. 0. 0.]
[0.       0.       0.       ... 0.       0.       5.317337]
[0. 0. 0. ... 0. 0. 0.]
[0. 0. 0. ... 0. 0. 0.]
[0. 0. 0. ... 0. 0. 0.]
[0. 0. 0. ... 0. 0. 0.]
[0. 0. 0. ... 0. 0. 0.]
[0. 0. 0. ... 0. 0. 0.]
[0. 0. 0. ... 0. 0. 0.]
[0.05788879 0.         0.         ... 0.         0.         5.0962834 ]
[0. 0. 0. ... 0. 0. 0.]
[0. 0. 0. ... 0. 0. 0.]
[0. 0. 0. ... 0. 0. 0.]
[0. 0. 0. ... 0. 0. 0.]
[0. 0. 0. ... 0. 0. 0.]
[0. 0. 0. ... 0. 0. 0.]
[0.        0.        0.        ... 0.        0.        1.1102641]
[0.        0.        0.        ... 0.        0.        1.6822222]
[0.         0.         0.         ... 0.         0.         0.11458855]
[0.        0.        0.        ... 0.        0.        4.9364223]
[0. 0. 0. ... 0. 0. 0.]
[0. 0. 0. ... 0. 0. 0.]
[0. 0. 0. ... 0. 0. 0.]
[0. 0. 0. ... 0. 0. 0.]
[0.        0.        0.        ... 0.        0.        1.7099658]
[0. 0. 0. ... 0. 0. 0.]
[0. 0. 0. ... 0. 0. 0.]
[0. 0. 0. ... 0. 0. 0.]
[0.         0.         0.         ... 0.         0.         0.94701564]
[0. 0. 0. ... 0. 0. 0.]
[0.         0.         0.         ... 0.         0.         0.16294768]
[0. 0. 0. ... 0. 0. 0.]
[0. 0. 0. ... 0. 0. 0.]
[0. 0. 0. ... 0. 0. 0.]
[0.        0.        0.        ... 0.        0.        0.6082731]
[0.        0.        0.        ... 0.        0.        3.2016108]
[0.        0.        0.        ... 0.        0.        2.4076216]
[0. 0. 0. ... 0. 0. 0.]
[0.        0.        0.        ... 0.        0.        2.4210007]
[0. 0. 0. ... 0. 0. 0.]
[0.         0.         0.         ... 0.         0.         0.13954395]
[0.        0.        0.        ... 0.        0.        0.5165477]
[0. 0. 0. ... 0. 0. 0.]
[0. 0. 0. ... 0. 0. 0.]
[0. 0. 0. ... 0. 0. 0.]
[0. 0. 0. ... 0. 0. 0.]
[0.         0.         0.         ... 0.         0.         0.48183882]
[0. 0. 0. ... 0. 0. 0.]
[0.         0.         0.         ... 0.         0.         0.68980104]
[0. 0. 0. ... 0. 0. 0.]
[0. 0. 0. ... 0. 0. 0.]
[0. 0. 0. ... 0. 0. 0.]
[0. 0. 0. ... 0. 0. 0.]
[0. 0. 0. ... 0. 0. 0.]
[0.         0.         0.         ... 0.         0.         0.18865839]
[0. 0. 0. ... 0. 0. 0.]
[0. 0. 0. ... 0. 0. 0.]
[0.        0.        0.        ... 0.        0.        1.7576214]
[0. 0. 0. ... 0. 0. 0.]
[0.         0.         0.         ... 0.         0.         0.31657875]
[0. 0. 0. ... 0. 0. 0.]
[0. 0. 0. ... 0. 0. 0.]
[0.         0.92848253 0.         ... 0.         0.         0.        ]
[0.        0.        0.        ... 0.        0.        0.7698137]
[1.9473102 0.        0.        ... 0.        0.        0.       ]
[0. 0. 0. ... 0. 0. 0.]
[0.         0.         0.         ... 0.         0.         0.81954896]
[0. 0. 0. ... 0. 0. 0.]
[0. 0. 0. ... 0. 0. 0.]
[0. 0. 0. ... 0. 0. 0.]
[0. 0. 0. ... 0. 0. 0.]
[0.         0.         0.17295659 ... 0.         0.         2.5942962 ]
[0. 0. 0. ... 0. 0. 0.]
[0. 0. 0. ... 0. 0. 0.]
[0. 0. 0. ... 0. 0. 0.]
[0. 0. 0. ... 0. 0. 0.]
[0. 0. 0. ... 0. 0. 0.]
[0. 0. 0. ... 0. 0. 0.]
[0. 0. 0. ... 0. 0. 0.]
[0. 0. 0. ... 0. 0. 0.]
[0. 0. 0. ... 0. 0. 0.]
[0. 0. 0. ... 0. 0. 0.]
[0. 0. 0. ... 0. 0. 0.]
[0. 0. 0. ... 0. 0. 0.]
[0.        0.        0.        ... 0.        0.        3.5351121]
[0.         0.         0.         ... 0.         0.         0.49682894]
[0. 0. 0. ... 0. 0. 0.]
[0. 0. 0. ... 0. 0. 0.]
[0. 0. 0. ... 0. 0. 0.]
[0.         0.         0.         ... 0.         0.         0.04297034]
[0. 0. 0. ... 0. 0. 0.]
[0. 0. 0. ... 0. 0. 0.]
[0. 0. 0. ... 0. 0. 0.]
[1.3190125 0.        0.        ... 0.        0.        0.       ]
[0. 0. 0. ... 0. 0. 0.]
[0.        0.7243223 0.        ... 0.        0.        0.       ]
[0. 0. 0. ... 0. 0. 0.]
[0.       0.       0.       ... 0.       0.       0.463171]
[0. 0. 0. ... 0. 0. 0.]
[0. 0. 0. ... 0. 0. 0.]
[0. 0. 0. ... 0. 0. 0.]
[0. 0. 0. ... 0. 0. 0.]
[0. 0. 0. ... 0. 0. 0.]
[0.5681446 0.        0.        ... 0.        0.        0.       ]
[0.       1.271947 0.       ... 0.       0.       0.      ]
[0. 0. 0. ... 0. 0. 0.]
[0.        0.        0.        ... 0.        0.        0.5079127]
[2.1076853 0.        0.        ... 0.        0.        0.       ]
[0. 0. 0. ... 0. 0. 0.]
[0. 0. 0. ... 0. 0. 0.]
[0. 0. 0. ... 0. 0. 0.]
[0. 0. 0. ... 0. 0. 0.]
[0. 0. 0. ... 0. 0. 0.]
[0. 0. 0. ... 0. 0. 0.]
[0. 0. 0. ... 0. 0. 0.]
[0. 0. 0. ... 0. 0. 0.]
[0. 0. 0. ... 0. 0. 0.]
[0. 0. 0. ... 0. 0. 0.]
[0. 0. 0. ... 0. 0. 0.]
[0. 0. 0. ... 0. 0. 0.]
[0. 0. 0. ... 0. 0. 0.]
[0. 0. 0. ... 0. 0. 0.]
[0. 0. 0. ... 0. 0. 0.]
[0. 0. 0. ... 0. 0. 0.]
[0. 0. 0. ... 0. 0. 0.]
[0. 0. 0. ... 0. 0. 0.]
[0.         0.         0.33955014 ... 0.         0.         0.        ]
[0. 0. 0. ... 0. 0. 0.]
[0. 0. 0. ... 0. 0. 0.]
[0. 0. 0. ... 0. 0. 0.]
[0. 0. 0. ... 0. 0. 0.]
[0.51664525 0.         0.         ... 0.         0.         0.        ]
[0. 0. 0. ... 0. 0. 0.]
[0.        0.        0.        ... 0.        0.        0.2783146]
[0.        0.        0.        ... 0.        0.        1.3095534]
[0. 0. 0. ... 0. 0. 0.]
[0. 0. 0. ... 0. 0. 0.]
[0. 0. 0. ... 0. 0. 0.]
[0.56682354 0.         0.         ... 0.         0.         0.        ]
[0.        0.        1.8482789 ... 0.        0.        0.       ]
[0.         0.         0.         ... 0.         0.         0.47905204]
[0.       0.       1.993526 ... 0.       0.       0.      ]
[0. 0. 0. ... 0. 0. 0.]
[0. 0. 0. ... 0. 0. 0.]
[0.         0.         0.13448542 ... 0.         0.         0.        ]
[0. 0. 0. ... 0. 0. 0.]
[0. 0. 0. ... 0. 0. 0.]
[0. 0. 0. ... 0. 0. 0.]
[0. 0. 0. ... 0. 0. 0.]
[0. 0. 0. ... 0. 0. 0.]
[0. 0. 0. ... 0. 0. 0.]
[0.00873055 0.         0.         ... 0.         0.         0.        ]
[0.         0.         0.66571164 ... 0.         0.         0.        ]
[0.         0.         0.         ... 0.         0.         0.23359817]
[0. 0. 0. ... 0. 0. 0.]
[0. 0. 0. ... 0. 0. 0.]
[0.76637197 0.         0.         ... 0.         0.         0.        ]
[4.67928 0.      0.      ... 0.      0.      0.     ]
[0.60542727 0.         0.         ... 0.         0.         0.        ]
[0. 0. 0. ... 0. 0. 0.]
[4.1705565 0.        0.        ... 0.        0.        0.       ]
[0.         0.22223222 0.         ... 0.         0.         0.        ]
[1.0808704 0.        0.        ... 0.        0.        0.       ]
[0.       0.       0.       ... 0.       0.       2.698022]
[1.8798037 0.        0.        ... 0.        0.        4.405401 ]
[0. 0. 0. ... 0. 0. 0.]
[0. 0. 0. ... 0. 0. 0.]
[1.4979424 0.        0.        ... 0.        0.        0.       ]
[5.627949 0.       0.       ... 0.       0.       0.      ]
[0. 0. 0. ... 0. 0. 0.]
[0. 0. 0. ... 0. 0. 0.]
[0. 0. 0. ... 0. 0. 0.]
[0. 0. 0. ... 0. 0. 0.]
[0. 0. 0. ... 0. 0. 0.]
[1.8809309 0.        0.        ... 0.        0.        0.       ]
[3.1559575 0.        0.        ... 0.        0.        0.       ]
[1.4123578 0.        0.        ... 0.        0.        0.       ]
[0.35508588 0.         0.         ... 0.         0.         0.        ]
[2.3237174 0.        0.        ... 0.        0.        0.       ]
[0. 0. 0. ... 0. 0. 0.]
[0. 0. 0. ... 0. 0. 0.]
[2.6626992 0.        0.        ... 0.        0.        0.       ]
[0. 0. 0. ... 0. 0. 0.]
[0. 0. 0. ... 0. 0. 0.]
[0. 0. 0. ... 0. 0. 0.]
[0.33221176 0.         0.         ... 0.         0.         0.        ]
[0.61758256 0.         0.         ... 0.         0.         0.        ]
[1.2011409  0.         0.         ... 0.         0.         0.06868523]
[0. 0. 0. ... 0. 0. 0.]
[0. 0. 0. ... 0. 0. 0.]
[2.592498 0.       0.       ... 0.       0.       0.      ]
[0.35348693 0.6154008  0.         ... 0.         0.         0.        ]
[4.964449 0.       0.       ... 0.       0.       0.      ]
[4.7453017 0.        0.        ... 0.        0.        0.       ]
[5.7566066 0.        0.        ... 0.        0.        0.       ]
[0. 0. 0. ... 0. 0. 0.]
[0.         0.         0.         ... 0.         0.         0.05218273]
[2.9550736 0.        0.        ... 0.        0.        0.       ]
[0. 0. 0. ... 0. 0. 0.]
[0. 0. 0. ... 0. 0. 0.]
[0.5063667 0.        0.        ... 0.        0.        0.       ]
[0. 0. 0. ... 0. 0. 0.]
[4.8243365 0.        0.        ... 0.        0.        0.       ]
[0. 0. 0. ... 0. 0. 0.]
[5.8213716 0.        0.        ... 0.        0.        2.9244635]
[2.445028  0.        0.        ... 0.        0.        1.2753006]
[0.11487325 1.6570759  0.         ... 0.         0.         0.        ]
[0. 0. 0. ... 0. 0. 0.]
[0.39534807 0.25313616 0.         ... 0.         0.         0.        ]
[0. 0. 0. ... 0. 0. 0.]
[0. 0. 0. ... 0. 0. 0.]
[0.7868488 0.        0.        ... 0.        0.        0.       ]
[0. 0. 0. ... 0. 0. 0.]
[0. 0. 0. ... 0. 0. 0.]
[0. 0. 0. ... 0. 0. 0.]
[0. 0. 0. ... 0. 0. 0.]
[0. 0. 0. ... 0. 0. 0.]
[4.146482 0.       0.       ... 0.       0.       0.      ]
[3.4097447 0.        0.        ... 0.        0.        0.       ]
[0. 0. 0. ... 0. 0. 0.]
[0. 0. 0. ... 0. 0. 0.]
[1.6606963 0.        0.        ... 0.        0.        0.       ]
[0. 0. 0. ... 0. 0. 0.]
[0. 0. 0. ... 0. 0. 0.]
[0. 0. 0. ... 0. 0. 0.]
[0.        0.        0.        ... 0.        0.        1.4132063]
[0. 0. 0. ... 0. 0. 0.]
[0. 0. 0. ... 0. 0. 0.]
[0. 0. 0. ... 0. 0. 0.]
[0. 0. 0. ... 0. 0. 0.]
[1.5048345  0.         0.01766195 ... 0.         0.         0.        ]
[0. 0. 0. ... 0. 0. 0.]
[0. 0. 0. ... 0. 0. 0.]
[0. 0. 0. ... 0. 0. 0.]
[0. 0. 0. ... 0. 0. 0.]
[0.52391523 0.         0.         ... 0.         0.         0.        ]
[0. 0. 0. ... 0. 0. 0.]
[0. 0. 0. ... 0. 0. 0.]
[0. 0. 0. ... 0. 0. 0.]
[0. 0. 0. ... 0. 0. 0.]
[0. 0. 0. ... 0. 0. 0.]
[0. 0. 0. ... 0. 0. 0.]
[0. 0. 0. ... 0. 0. 0.]
[0. 0. 0. ... 0. 0. 0.]
[0. 0. 0. ... 0. 0. 0.]
[0. 0. 0. ... 0. 0. 0.]
[0. 0. 0. ... 0. 0. 0.]
[0. 0. 0. ... 0. 0. 0.]
[0.61139876 0.         0.         ... 0.         0.         0.        ]
[0. 0. 0. ... 0. 0. 0.]
[0. 0. 0. ... 0. 0. 0.]
[0. 0. 0. ... 0. 0. 0.]
[0. 0. 0. ... 0. 0. 0.]
[0. 0. 0. ... 0. 0. 0.]
[4.4584846 0.        0.        ... 0.        0.        0.       ]
[0.         0.         0.         ... 0.         0.         0.24885404]
[0. 0. 0. ... 0. 0. 0.]
[2.4635265 0.        0.        ... 0.        0.        0.       ]
[0. 0. 0. ... 0. 0. 0.]
[0. 0. 0. ... 0. 0. 0.]
[0.        0.        0.        ... 0.        0.        3.4170275]
[0. 0. 0. ... 0. 0. 0.]
[0. 0. 0. ... 0. 0. 0.]
[0. 0. 0. ... 0. 0. 0.]
[0. 0. 0. ... 0. 0. 0.]
[0. 0. 0. ... 0. 0. 0.]
[0. 0. 0. ... 0. 0. 0.]
[0. 0. 0. ... 0. 0. 0.]
[0.00025274 0.         0.         ... 0.         0.         0.        ]
[2.5676339 0.        0.        ... 0.        0.        0.       ]
[0. 0. 0. ... 0. 0. 0.]
[0. 0. 0. ... 0. 0. 0.]
[0. 0. 0. ... 0. 0. 0.]
[0. 0. 0. ... 0. 0. 0.]
[0.         0.         0.         ... 0.         0.         0.02365553]
[0. 0. 0. ... 0. 0. 0.]
[0. 0. 0. ... 0. 0. 0.]
[0.        0.        0.        ... 0.        0.        0.7562102]
[0. 0. 0. ... 0. 0. 0.]
[0. 0. 0. ... 0. 0. 0.]
[0. 0. 0. ... 0. 0. 0.]
[0. 0. 0. ... 0. 0. 0.]
[0. 0. 0. ... 0. 0. 0.]
[0. 0. 0. ... 0. 0. 0.]
[0. 0. 0. ... 0. 0. 0.]
[0. 0. 0. ... 0. 0. 0.]
[0. 0. 0. ... 0. 0. 0.]
[0. 0. 0. ... 0. 0. 0.]
[0. 0. 0. ... 0. 0. 0.]
[0. 0. 0. ... 0. 0. 0.]
[0. 0. 0. ... 0. 0. 0.]
[0.        0.        0.        ... 0.        0.        0.6942585]
[0. 0. 0. ... 0. 0. 0.]
[0. 0. 0. ... 0. 0. 0.]
[0. 0. 0. ... 0. 0. 0.]
[0. 0. 0. ... 0. 0. 0.]
[0. 0. 0. ... 0. 0. 0.]
[0. 0. 0. ... 0. 0. 0.]
[0. 0. 0. ... 0. 0. 0.]
[0.        0.        0.        ... 0.        0.        1.3384823]
[0.         0.         0.         ... 0.         0.         0.61650145]
[0.        0.        0.        ... 0.        0.        0.5834663]
[0. 0. 0. ... 0. 0. 0.]
[0. 0. 0. ... 0. 0. 0.]
[0.       0.       0.       ... 0.       0.       2.459016]
[0. 0. 0. ... 0. 0. 0.]
[0.      0.      0.      ... 0.      0.      2.30835]
[0. 0. 0. ... 0. 0. 0.]
[0. 0. 0. ... 0. 0. 0.]
[0. 0. 0. ... 0. 0. 0.]
[0. 0. 0. ... 0. 0. 0.]
[0. 0. 0. ... 0. 0. 0.]
[0. 0. 0. ... 0. 0. 0.]
[0. 0. 0. ... 0. 0. 0.]
[0. 0. 0. ... 0. 0. 0.]
[0. 0. 0. ... 0. 0. 0.]
[0. 0. 0. ... 0. 0. 0.]
[0. 0. 0. ... 0. 0. 0.]
[0. 0. 0. ... 0. 0. 0.]
[0. 0. 0. ... 0. 0. 0.]
[0.       0.       0.       ... 0.       0.       4.119026]
[0. 0. 0. ... 0. 0. 0.]
[0. 0. 0. ... 0. 0. 0.]
[0. 0. 0. ... 0. 0. 0.]
[0. 0. 0. ... 0. 0. 0.]
[0. 0. 0. ... 0. 0. 0.]
[0. 0. 0. ... 0. 0. 0.]
[0. 0. 0. ... 0. 0. 0.]
[0. 0. 0. ... 0. 0. 0.]
[0. 0. 0. ... 0. 0. 0.]
[0. 0. 0. ... 0. 0. 0.]
[0. 0. 0. ... 0. 0. 0.]
[0.         0.         0.30203688 ... 0.         0.         0.        ]
[0. 0. 0. ... 0. 0. 0.]
[0. 0. 0. ... 0. 0. 0.]
[0. 0. 0. ... 0. 0. 0.]
[0. 0. 0. ... 0. 0. 0.]
[0. 0. 0. ... 0. 0. 0.]
[0. 0. 0. ... 0. 0. 0.]
[0. 0. 0. ... 0. 0. 0.]
[0. 0. 0. ... 0. 0. 0.]
[0. 0. 0. ... 0. 0. 0.]
[0. 0. 0. ... 0. 0. 0.]
[0. 0. 0. ... 0. 0. 0.]
[0. 0. 0. ... 0. 0. 0.]
[0. 0. 0. ... 0. 0. 0.]
[0.19335742 0.         0.         ... 0.         0.         0.        ]
[0. 0. 0. ... 0. 0. 0.]
[0. 0. 0. ... 0. 0. 0.]
[0. 0. 0. ... 0. 0. 0.]
[0.         0.87942815 0.         ... 0.         0.         0.8557121 ]
[0. 0. 0. ... 0. 0. 0.]
[0. 0. 0. ... 0. 0. 0.]
[0. 0. 0. ... 0. 0. 0.]
[0. 0. 0. ... 0. 0. 0.]
[0.3809894 0.        0.        ... 0.        0.        0.       ]
[0. 0. 0. ... 0. 0. 0.]
[0. 0. 0. ... 0. 0. 0.]
[0. 0. 0. ... 0. 0. 0.]
[0. 0. 0. ... 0. 0. 0.]
[0. 0. 0. ... 0. 0. 0.]
[0. 0. 0. ... 0. 0. 0.]
[0. 0. 0. ... 0. 0. 0.]
[0. 0. 0. ... 0. 0. 0.]
[0. 0. 0. ... 0. 0. 0.]
[1.1342984 0.        0.        ... 0.        0.        0.       ]
[0.        0.        0.        ... 0.        0.        0.8463105]
[0.       0.       0.       ... 0.       0.       0.497046]
[0. 0. 0. ... 0. 0. 0.]
[0. 0. 0. ... 0. 0. 0.]
[0. 0. 0. ... 0. 0. 0.]
[0. 0. 0. ... 0. 0. 0.]
[0. 0. 0. ... 0. 0. 0.]
[0. 0. 0. ... 0. 0. 0.]
[0. 0. 0. ... 0. 0. 0.]
[0. 0. 0. ... 0. 0. 0.]
[0. 0. 0. ... 0. 0. 0.]
[0. 0. 0. ... 0. 0. 0.]
[0. 0. 0. ... 0. 0. 0.]
[0. 0. 0. ... 0. 0. 0.]
[0. 0. 0. ... 0. 0. 0.]
[0. 0. 0. ... 0. 0. 0.]
[5.870343 0.       0.       ... 0.       0.       0.      ]
[0. 0. 0. ... 0. 0. 0.]
[0. 0. 0. ... 0. 0. 0.]
[0.         0.41268754 0.         ... 0.         0.         0.        ]
[0. 0. 0. ... 0. 0. 0.]
[0. 0. 0. ... 0. 0. 0.]
[0. 0. 0. ... 0. 0. 0.]
[0. 0. 0. ... 0. 0. 0.]
[0. 0. 0. ... 0. 0. 0.]
[0. 0. 0. ... 0. 0. 0.]
[0. 0. 0. ... 0. 0. 0.]
[0. 0. 0. ... 0. 0. 0.]
[0. 0. 0. ... 0. 0. 0.]
[4.337894   0.         0.         ... 0.         0.         0.06982123]
[0. 0. 0. ... 0. 0. 0.]
[1.2694491 0.        0.        ... 0.        0.        0.747912 ]
[1.3669378 0.        0.        ... 0.        0.        4.2633147]
[2.1148171 0.        0.        ... 0.        0.        0.       ]
[0.90381235 0.         0.         ... 0.         0.         0.        ]
[1.7651048 0.        0.        ... 0.        0.        2.0315275]
[0.        0.        0.        ... 0.        0.        2.5950444]
[1.2270572 0.        0.        ... 0.        0.        0.       ]
[2.543822  0.        0.        ... 0.        0.        0.9014373]
[0.        0.        0.        ... 0.        0.        1.5928397]
[2.714119 0.       0.       ... 0.       0.       0.      ]
[4.349834 0.       0.       ... 0.       0.       5.187833]
[0.1834367 0.        0.        ... 0.        0.        0.       ]
[0. 0. 0. ... 0. 0. 0.]
[0. 0. 0. ... 0. 0. 0.]
[6.1334176 0.        0.        ... 0.        0.        5.954364 ]
[0.7246615 0.        0.        ... 0.        0.        0.       ]
[0. 0. 0. ... 0. 0. 0.]
[1.3568447 0.        0.        ... 0.        0.        3.4589899]
[0.20907198 0.         0.         ... 0.         0.         0.        ]
[0. 0. 0. ... 0. 0. 0.]
[2.958381 0.       0.       ... 0.       0.       0.815792]
[4.316429 0.       0.       ... 0.       0.       0.      ]
[0.        0.        1.7343147 ... 0.        0.        0.       ]
[0. 0. 0. ... 0. 0. 0.]
[3.5965683 0.        0.        ... 0.        0.        5.7214923]
[3.5959332 0.        0.        ... 0.        0.        0.       ]
[0.8004833 0.        0.        ... 0.        0.        0.       ]
[0.5759361 0.        0.        ... 0.        0.        2.3308077]
[3.3933752  0.         0.         ... 0.         0.         0.39916325]
[6.8078375 0.        0.        ... 0.        0.        6.7579927]
[0.        0.        0.        ... 0.        0.        3.4255164]
[4.3410525 0.        0.        ... 0.        0.        0.5055431]
[3.1525104 0.        0.        ... 0.        0.        0.       ]
[0. 0. 0. ... 0. 0. 0.]
[0. 0. 0. ... 0. 0. 0.]
[0. 0. 0. ... 0. 0. 0.]
[0. 0. 0. ... 0. 0. 0.]
[0. 0. 0. ... 0. 0. 0.]
[0. 0. 0. ... 0. 0. 0.]
[0. 0. 0. ... 0. 0. 0.]
[0. 0. 0. ... 0. 0. 0.]
[0. 0. 0. ... 0. 0. 0.]
[0. 0. 0. ... 0. 0. 0.]
[0. 0. 0. ... 0. 0. 0.]
[0.        0.        0.        ... 0.        0.        0.5888432]
[0. 0. 0. ... 0. 0. 0.]
[0. 0. 0. ... 0. 0. 0.]
[0. 0. 0. ... 0. 0. 0.]
[0. 0. 0. ... 0. 0. 0.]
[0. 0. 0. ... 0. 0. 0.]
[0. 0. 0. ... 0. 0. 0.]
[0. 0. 0. ... 0. 0. 0.]
[0.         0.         0.         ... 0.         0.         0.52672094]
[0. 0. 0. ... 0. 0. 0.]
[0.        3.5584652 0.        ... 0.        0.        0.       ]
[0. 0. 0. ... 0. 0. 0.]
[0. 0. 0. ... 0. 0. 0.]
[0. 0. 0. ... 0. 0. 0.]
[0.         0.         0.65539676 ... 0.         0.         0.        ]
[0. 0. 0. ... 0. 0. 0.]
[0.        0.        0.        ... 0.        0.        1.3594407]
[0.        0.        0.        ... 0.        0.        1.4522394]
[0. 0. 0. ... 0. 0. 0.]
[0.         0.43144745 0.         ... 0.         0.         0.        ]
[0. 0. 0. ... 0. 0. 0.]
[0. 0. 0. ... 0. 0. 0.]
[0.      0.      0.      ... 0.      0.      0.18063]
[0. 0. 0. ... 0. 0. 0.]
[0. 0. 0. ... 0. 0. 0.]
[0.35778356 0.         0.         ... 0.         0.         0.        ]
[0. 0. 0. ... 0. 0. 0.]
[0. 0. 0. ... 0. 0. 0.]
[0. 0. 0. ... 0. 0. 0.]
[0.        0.        0.        ... 0.        0.        1.7198843]
[0.        0.        0.        ... 0.        0.        2.8478613]
[0. 0. 0. ... 0. 0. 0.]
[0. 0. 0. ... 0. 0. 0.]
[0.         0.         0.         ... 0.         0.         0.16904876]
[0. 0. 0. ... 0. 0. 0.]
[0. 0. 0. ... 0. 0. 0.]
[0. 0. 0. ... 0. 0. 0.]
[0. 0. 0. ... 0. 0. 0.]
[0. 0. 0. ... 0. 0. 0.]
[0. 0. 0. ... 0. 0. 0.]
[0.         0.         0.         ... 0.         0.         0.18416327]
[0. 0. 0. ... 0. 0. 0.]
[0. 0. 0. ... 0. 0. 0.]
[0. 0. 0. ... 0. 0. 0.]
[0. 0. 0. ... 0. 0. 0.]
[0. 0. 0. ... 0. 0. 0.]
[0. 0. 0. ... 0. 0. 0.]
[0. 0. 0. ... 0. 0. 0.]
[0.         0.         0.         ... 0.         0.         0.08475085]
[0. 0. 0. ... 0. 0. 0.]
[0.        0.        0.        ... 0.        0.        1.5966095]
[0. 0. 0. ... 0. 0. 0.]
[0. 0. 0. ... 0. 0. 0.]
[0. 0. 0. ... 0. 0. 0.]
[0. 0. 0. ... 0. 0. 0.]
[0. 0. 0. ... 0. 0. 0.]
[0. 0. 0. ... 0. 0. 0.]
[0. 0. 0. ... 0. 0. 0.]
[0.        0.        0.        ... 0.        0.        3.5708997]
[0. 0. 0. ... 0. 0. 0.]
[0.        0.        0.        ... 0.        0.        1.2269896]
[0.        0.        0.        ... 0.        0.        4.4455576]
[0.        0.        0.        ... 0.        0.        1.6839128]
[0. 0. 0. ... 0. 0. 0.]
[0. 0. 0. ... 0. 0. 0.]
[0.        0.        0.        ... 0.        0.        2.8908267]
[0.         0.         0.         ... 0.         0.         0.03067767]
[0.        0.        0.        ... 0.        0.        1.5541917]
[0.       0.       0.       ... 0.       0.       2.107657]
[0.        0.        0.        ... 0.        0.        6.0363636]
[0.        0.        0.        ... 0.        0.        3.0589414]
[0.        0.        0.        ... 0.        0.        1.3818659]
[0.         0.         0.         ... 0.         0.         0.87304276]
[0.        0.        0.        ... 0.        0.        2.1801536]
[0.        0.        0.        ... 0.        0.        2.3405418]
[0.        0.        0.        ... 0.        0.        1.3224719]
[0.       0.       0.       ... 0.       0.       5.647575]
[0.        0.        0.        ... 0.        0.        4.0625873]
[0.         0.         0.         ... 0.         0.         0.38040543]
[0. 0. 0. ... 0. 0. 0.]
[0.        0.        0.        ... 0.        0.        1.0583295]
[0.       0.       0.       ... 0.       0.       2.608725]
[0.        0.        0.        ... 0.        0.        1.3548118]
[0.        0.        0.        ... 0.        0.        1.0184363]
[0.         0.         0.         ... 0.         0.         0.88010436]
[0.       0.       0.       ... 0.       0.       3.481861]
[0. 0. 0. ... 0. 0. 0.]
[0.        0.        0.        ... 0.        0.        1.8112881]
[0.        0.        0.        ... 0.        0.        2.7486782]
[0.        0.        0.        ... 0.        0.        6.8780074]
[0.        0.        0.        ... 0.        0.        1.3202611]
[0.        0.        0.        ... 0.        0.        2.8134465]
[0.       0.       0.       ... 0.       0.       3.549392]
[0.         0.         0.         ... 0.         0.         0.98093635]
[0.       0.       0.       ... 0.       0.       4.247848]
[0. 0. 0. ... 0. 0. 0.]
[0.        0.        0.        ... 0.        0.        1.7088729]
[0. 0. 0. ... 0. 0. 0.]
[0.        0.        0.        ... 0.        0.        2.7759635]
[0.        0.        0.        ... 0.        0.        0.8110957]
[0.       0.       0.       ... 0.       0.       6.032018]
[0.        0.        0.        ... 0.        0.        2.3553305]
[0.        0.        0.        ... 0.        0.        6.7974634]
[0.        0.        0.        ... 0.        0.        3.7848277]
[0.        0.        0.        ... 0.        0.        3.4991972]
[0. 0. 0. ... 0. 0. 0.]
[0.         0.         0.         ... 0.         0.         0.14770213]
[0.        0.        0.        ... 0.        0.        4.8941965]
[0.        0.        0.        ... 0.        0.        0.4290802]
[0.        0.        0.        ... 0.        0.        3.7704592]
[0.        0.        0.        ... 0.        0.        0.8498963]
[0.         0.         0.         ... 0.         0.         0.88395226]
[0.        0.        0.        ... 0.        0.        0.1152394]
[0.        0.        0.        ... 0.        0.        2.1862373]
[0. 0. 0. ... 0. 0. 0.]
[0.       0.       0.       ... 0.       0.       2.101445]
[0. 0. 0. ... 0. 0. 0.]
[0.        0.        0.        ... 0.        0.        1.6785146]
[0. 0. 0. ... 0. 0. 0.]
[0.        0.        0.        ... 0.        0.        0.9489667]
[0.        0.        0.        ... 0.        0.        2.5703926]
[0.        0.        0.        ... 0.        0.        1.8483747]
[0.         0.         0.         ... 0.         0.         0.75058436]
[0. 0. 0. ... 0. 0. 0.]
[0. 0. 0. ... 0. 0. 0.]
[0.         0.01529406 0.         ... 0.         0.         0.        ]
[0.        0.        0.        ... 0.        0.        2.0514517]
[0.         0.         0.         ... 0.         0.         0.35999346]
[0. 0. 0. ... 0. 0. 0.]
[0. 0. 0. ... 0. 0. 0.]
[0. 0. 0. ... 0. 0. 0.]
[0.        0.        0.        ... 0.        0.        2.0048826]
[0.       0.       0.       ... 0.       0.       2.039766]
[0. 0. 0. ... 0. 0. 0.]
[0.         0.         0.         ... 0.         0.         0.66567945]
[0.        0.        0.        ... 0.        0.        2.9056284]
[0.        0.        0.        ... 0.        0.        2.6494718]
[0.        0.        0.        ... 0.        0.        3.0761318]
[0.        0.        0.        ... 0.        0.        2.0018044]
[0.        0.        0.        ... 0.        0.        0.7096173]
[0.         0.         0.         ... 0.         0.         0.17383975]
[0.        0.        0.        ... 0.        0.        4.2183857]
[0. 0. 0. ... 0. 0. 0.]
[0. 0. 0. ... 0. 0. 0.]
[0. 0. 0. ... 0. 0. 0.]
[0.         0.         0.         ... 0.         0.         0.07410144]
[0.      0.      0.      ... 0.      0.      1.02611]
[0.         0.         0.         ... 0.         0.         0.76918006]
[0. 0. 0. ... 0. 0. 0.]
[0. 0. 0. ... 0. 0. 0.]
[0. 0. 0. ... 0. 0. 0.]
[0. 0. 0. ... 0. 0. 0.]
[0.6906398  0.         0.         ... 0.         0.         0.10519373]
[0. 0. 0. ... 0. 0. 0.]
[0. 0. 0. ... 0. 0. 0.]
[1.6162152 0.        0.        ... 0.        0.        0.       ]
[0. 0. 0. ... 0. 0. 0.]
[0. 0. 0. ... 0. 0. 0.]
[0.        0.        0.        ... 0.        0.        0.9124893]
[0. 0. 0. ... 0. 0. 0.]
[0.         0.         0.         ... 0.         0.         0.91927373]
[2.4362447  0.         0.29506028 ... 0.         0.         0.        ]
[0. 0. 0. ... 0. 0. 0.]
[0. 0. 0. ... 0. 0. 0.]
[0. 0. 0. ... 0. 0. 0.]
[0.         0.         0.         ... 0.         0.         0.11467045]
[1.0493882 0.        0.        ... 0.        0.        0.       ]
[0.        0.        1.0689276 ... 0.        0.        0.       ]
[3.7587368 0.        0.        ... 0.        0.        0.       ]
[0.        0.        0.0283578 ... 0.        0.        0.       ]
[0. 0. 0. ... 0. 0. 0.]
[0. 0. 0. ... 0. 0. 0.]
[0. 0. 0. ... 0. 0. 0.]
[0. 0. 0. ... 0. 0. 0.]
[3.0087028 0.        0.        ... 0.        0.        0.       ]
[0.        0.        0.        ... 0.        0.        0.7537924]
[1.7195549 0.        0.        ... 0.        0.        0.       ]
[3.2575378 0.        0.        ... 0.        0.        0.       ]
[0.       0.       0.       ... 0.       0.       5.082218]
[3.4647837 0.        0.        ... 0.        0.        1.5867771]
[0.435433  0.        0.        ... 0.        0.        0.8734292]
[1.7020197 0.        0.        ... 0.        0.        7.08095  ]
[0.        0.        0.        ... 0.        0.        5.4423437]
[1.9310083 0.        0.        ... 0.        0.        0.8674814]
[0.         0.         0.         ... 0.         0.         0.49484444]
[0.        0.        0.        ... 0.        0.        2.6091177]
[0. 0. 0. ... 0. 0. 0.]
[2.322274 0.       0.       ... 0.       0.       2.835967]
[2.538786 0.       0.       ... 0.       0.       3.878751]
[0.5880156 0.        0.        ... 0.        0.        0.6598216]
[1.0072731 0.        0.        ... 0.        0.        9.866067 ]
[0.        0.        0.        ... 0.        0.        2.5793376]
[0.7143238 0.        0.        ... 0.        0.        0.6978112]
[1.9816494  0.         0.         ... 0.         0.         0.98013985]
[0.        0.        0.        ... 0.        0.        1.0123369]
[0.        0.        0.        ... 0.        0.        3.3368082]
[0.        0.        0.        ... 0.        0.        2.4894438]
[0.       0.       0.       ... 0.       0.       5.625511]
[0.        0.        0.        ... 0.        0.        1.5244521]
[0.7895211 0.        0.        ... 0.        0.        1.301916 ]
[0. 0. 0. ... 0. 0. 0.]
[2.908958  0.        0.        ... 0.        0.        0.6994159]
[0.        0.        0.        ... 0.        0.        2.2490737]
[0.      0.      0.      ... 0.      0.      2.15758]
[0.20685418 0.         0.         ... 0.         0.         3.3204503 ]
[0. 0. 0. ... 0. 0. 0.]
[1.0436221 0.        0.        ... 0.        0.        0.       ]
[4.8338513 0.        0.        ... 0.        0.        2.6852787]
[0.       0.       0.       ... 0.       0.       3.386011]
[0. 0. 0. ... 0. 0. 0.]
[0.        0.        0.        ... 0.        0.        3.4038494]
[0.78568715 0.         0.         ... 0.         0.         1.0987171 ]
[0.         0.         0.         ... 0.         0.         0.14907789]
[3.2176998 0.        0.        ... 0.        0.        0.       ]
[0. 0. 0. ... 0. 0. 0.]
[0. 0. 0. ... 0. 0. 0.]
[0.         0.         0.         ... 0.         0.         0.05518088]
[0.        0.        0.        ... 0.        0.        1.3000265]
[0.       0.       0.       ... 0.       0.       2.397135]
[0.6687221 0.        0.        ... 0.        0.        0.       ]
[1.1733372 0.        0.        ... 0.        0.        3.1219401]
[0. 0. 0. ... 0. 0. 0.]
[0.        0.        0.        ... 0.        0.        1.9938581]
[0.        0.        0.        ... 0.        0.        2.1271024]
[0. 0. 0. ... 0. 0. 0.]
[2.9864678 0.        0.        ... 0.        0.        2.5265007]
[0. 0. 0. ... 0. 0. 0.]
[0.       0.       1.235687 ... 0.       0.       0.      ]
[0.        0.        0.        ... 0.        0.        2.0596707]
[0.33474636 0.         0.         ... 0.         0.         0.        ]
[0. 0. 0. ... 0. 0. 0.]
[0. 0. 0. ... 0. 0. 0.]
[0. 0. 0. ... 0. 0. 0.]
[0. 0. 0. ... 0. 0. 0.]
[0.        0.        0.        ... 0.        0.        2.3999648]
[2.4904914 0.        0.        ... 0.        0.        3.0453606]
[0. 0. 0. ... 0. 0. 0.]
[0.        0.        0.        ... 0.        0.        1.1191814]
[0.         0.         0.27865762 ... 0.         0.         1.6341593 ]
[0.       0.       0.       ... 0.       0.       2.135827]
[0.         0.         0.         ... 0.         0.         0.05383741]
[0. 0. 0. ... 0. 0. 0.]
[0. 0. 0. ... 0. 0. 0.]
[0.         0.         0.46531707 ... 0.         0.         0.        ]
[1.2215134 0.        0.        ... 0.        0.        0.       ]
[0. 0. 0. ... 0. 0. 0.]
[0. 0. 0. ... 0. 0. 0.]
[0. 0. 0. ... 0. 0. 0.]
[0. 0. 0. ... 0. 0. 0.]
[0.        0.        0.        ... 0.        0.        2.5476255]
[0.41266158 0.         0.         ... 0.         0.         0.        ]
[0. 0. 0. ... 0. 0. 0.]
[0. 0. 0. ... 0. 0. 0.]
[0. 0. 0. ... 0. 0. 0.]
[0. 0. 0. ... 0. 0. 0.]
[2.3395483 0.        0.        ... 0.        0.        1.8379443]
[0.        0.        0.        ... 0.        0.        2.4263067]
[0. 0. 0. ... 0. 0. 0.]
[0. 0. 0. ... 0. 0. 0.]
[0. 0. 0. ... 0. 0. 0.]
[0.25029466 0.         0.         ... 0.         0.         0.        ]
[0. 0. 0. ... 0. 0. 0.]
[0. 0. 0. ... 0. 0. 0.]
[0. 0. 0. ... 0. 0. 0.]
[0. 0. 0. ... 0. 0. 0.]
[0. 0. 0. ... 0. 0. 0.]
[0. 0. 0. ... 0. 0. 0.]
[0.        0.        0.        ... 0.        0.        1.3918754]
[0. 0. 0. ... 0. 0. 0.]
[0. 0. 0. ... 0. 0. 0.]
[0.         0.         0.         ... 0.         0.         0.91362226]
[0. 0. 0. ... 0. 0. 0.]
[0. 0. 0. ... 0. 0. 0.]
[0. 0. 0. ... 0. 0. 0.]
[0. 0. 0. ... 0. 0. 0.]
[0.         0.         0.         ... 0.         0.         0.39474112]
[0. 0. 0. ... 0. 0. 0.]
[0. 0. 0. ... 0. 0. 0.]
[0.         0.         0.         ... 0.         0.         0.18157881]
[0. 0. 0. ... 0. 0. 0.]
[0. 0. 0. ... 0. 0. 0.]
[0. 0. 0. ... 0. 0. 0.]
[0. 0. 0. ... 0. 0. 0.]
[0. 0. 0. ... 0. 0. 0.]
[0.        0.        0.        ... 0.        0.        0.4570543]
[0.        0.        0.        ... 0.        0.        0.0398094]
[0. 0. 0. ... 0. 0. 0.]
[0. 0. 0. ... 0. 0. 0.]
[2.5105374 0.        0.        ... 0.        0.        0.       ]
[1.133956 0.       0.       ... 0.       0.       0.      ]
[0. 0. 0. ... 0. 0. 0.]
[1.3216705 0.        0.        ... 0.        0.        0.       ]
[3.7867835 0.        0.        ... 0.        0.        0.       ]
[1.3228127 0.        0.        ... 0.        0.        0.       ]
[0. 0. 0. ... 0. 0. 0.]
[0. 0. 0. ... 0. 0. 0.]
[0. 0. 0. ... 0. 0. 0.]
[0. 0. 0. ... 0. 0. 0.]
[0. 0. 0. ... 0. 0. 0.]
[0. 0. 0. ... 0. 0. 0.]
[0. 0. 0. ... 0. 0. 0.]
[1.9137223 0.        0.        ... 0.        0.        0.       ]
[0. 0. 0. ... 0. 0. 0.]
[0. 0. 0. ... 0. 0. 0.]
[0. 0. 0. ... 0. 0. 0.]
[0. 0. 0. ... 0. 0. 0.]
[0. 0. 0. ... 0. 0. 0.]
[0. 0. 0. ... 0. 0. 0.]
[0. 0. 0. ... 0. 0. 0.]
[2.1625352 0.        0.        ... 0.        0.        0.       ]
[0. 0. 0. ... 0. 0. 0.]
[0.02908989 0.         0.         ... 0.         0.         0.        ]
[0. 0. 0. ... 0. 0. 0.]
[0. 0. 0. ... 0. 0. 0.]
[0.64894134 0.         0.         ... 0.         0.         0.        ]
[0. 0. 0. ... 0. 0. 0.]
[0.13218045 0.         0.         ... 0.         0.         0.        ]
[0. 0. 0. ... 0. 0. 0.]
[0. 0. 0. ... 0. 0. 0.]
[0. 0. 0. ... 0. 0. 0.]
[0. 0. 0. ... 0. 0. 0.]
[0. 0. 0. ... 0. 0. 0.]
[0. 0. 0. ... 0. 0. 0.]
[0. 0. 0. ... 0. 0. 0.]
[0. 0. 0. ... 0. 0. 0.]
[0.66559094 0.         0.         ... 0.         0.         0.        ]
[0.03329192 0.         0.         ... 0.         0.         0.        ]
[0.         0.         0.         ... 0.         0.         0.01775562]
[0. 0. 0. ... 0. 0. 0.]
[0. 0. 0. ... 0. 0. 0.]
[0. 0. 0. ... 0. 0. 0.]
[0. 0. 0. ... 0. 0. 0.]
[0. 0. 0. ... 0. 0. 0.]
[0. 0. 0. ... 0. 0. 0.]
[0. 0. 0. ... 0. 0. 0.]
[0. 0. 0. ... 0. 0. 0.]
[0. 0. 0. ... 0. 0. 0.]
[0. 0. 0. ... 0. 0. 0.]
[0. 0. 0. ... 0. 0. 0.]
[0. 0. 0. ... 0. 0. 0.]
[0. 0. 0. ... 0. 0. 0.]
[0. 0. 0. ... 0. 0. 0.]
[0. 0. 0. ... 0. 0. 0.]
[0. 0. 0. ... 0. 0. 0.]
[0. 0. 0. ... 0. 0. 0.]
[0.        0.        0.        ... 0.        0.        6.2371583]
[0. 0. 0. ... 0. 0. 0.]
[0. 0. 0. ... 0. 0. 0.]
[0.         0.         0.         ... 0.         0.         0.24145538]
[0. 0. 0. ... 0. 0. 0.]
[0. 0. 0. ... 0. 0. 0.]
[0. 0. 0. ... 0. 0. 0.]
[0. 0. 0. ... 0. 0. 0.]
[0. 0. 0. ... 0. 0. 0.]
[0. 0. 0. ... 0. 0. 0.]
[0.      0.      0.      ... 0.      0.      2.19546]
[0. 0. 0. ... 0. 0. 0.]
[0. 0. 0. ... 0. 0. 0.]
[0.         0.         0.         ... 0.         0.         0.18969789]
[0. 0. 0. ... 0. 0. 0.]
[0. 0. 0. ... 0. 0. 0.]
[0. 0. 0. ... 0. 0. 0.]
[0. 0. 0. ... 0. 0. 0.]
[0. 0. 0. ... 0. 0. 0.]
[0.        0.        0.        ... 0.        0.        1.3516299]
[0. 0. 0. ... 0. 0. 0.]
[0. 0. 0. ... 0. 0. 0.]
[0. 0. 0. ... 0. 0. 0.]
[0. 0. 0. ... 0. 0. 0.]
[0. 0. 0. ... 0. 0. 0.]
[0. 0. 0. ... 0. 0. 0.]
[0. 0. 0. ... 0. 0. 0.]
[0.        2.8941047 0.        ... 0.        0.        0.       ]
[0. 0. 0. ... 0. 0. 0.]
[0. 0. 0. ... 0. 0. 0.]
[0. 0. 0. ... 0. 0. 0.]
[0. 0. 0. ... 0. 0. 0.]
[0. 0. 0. ... 0. 0. 0.]
[0. 0. 0. ... 0. 0. 0.]
[0. 0. 0. ... 0. 0. 0.]
[4.9414887 0.        0.        ... 0.        0.        0.       ]
[0.        0.        0.        ... 0.        0.        1.3140372]
[0. 0. 0. ... 0. 0. 0.]
[0. 0. 0. ... 0. 0. 0.]
[0. 0. 0. ... 0. 0. 0.]
[0. 0. 0. ... 0. 0. 0.]
[0. 0. 0. ... 0. 0. 0.]
[0. 0. 0. ... 0. 0. 0.]
[0.        0.        0.6788815 ... 0.        0.        0.       ]
[0. 0. 0. ... 0. 0. 0.]
[0. 0. 0. ... 0. 0. 0.]
[0. 0. 0. ... 0. 0. 0.]
[0. 0. 0. ... 0. 0. 0.]
[0. 0. 0. ... 0. 0. 0.]
[0. 0. 0. ... 0. 0. 0.]
[0. 0. 0. ... 0. 0. 0.]
[0. 0. 0. ... 0. 0. 0.]
[0. 0. 0. ... 0. 0. 0.]
[0. 0. 0. ... 0. 0. 0.]
[0. 0. 0. ... 0. 0. 0.]
[0.32119367 0.         0.         ... 0.         0.         2.4663367 ]
[0. 0. 0. ... 0. 0. 0.]
[0. 0. 0. ... 0. 0. 0.]
[0. 0. 0. ... 0. 0. 0.]
[0. 0. 0. ... 0. 0. 0.]
[0. 0. 0. ... 0. 0. 0.]
[0. 0. 0. ... 0. 0. 0.]
[0. 0. 0. ... 0. 0. 0.]
[0. 0. 0. ... 0. 0. 0.]
[0. 0. 0. ... 0. 0. 0.]
[0.        0.        0.        ... 0.        0.        1.4717971]
[0. 0. 0. ... 0. 0. 0.]
[0. 0. 0. ... 0. 0. 0.]
[0. 0. 0. ... 0. 0. 0.]
[0. 0. 0. ... 0. 0. 0.]
[0. 0. 0. ... 0. 0. 0.]
[0. 0. 0. ... 0. 0. 0.]
[1.1293061 0.        0.        ... 0.        0.        0.       ]
[2.2673306 0.        0.        ... 0.        0.        0.       ]
[2.715169 0.       0.       ... 0.       0.       0.      ]
[2.7100449 0.        0.        ... 0.        0.        2.202764 ]
[0.        0.        0.        ... 0.        0.        0.3449871]
[0.         0.         0.         ... 0.         0.         0.24864265]
[1.9288595 0.        0.        ... 0.        0.        0.       ]
[0. 0. 0. ... 0. 0. 0.]
[2.1297731 0.        0.        ... 0.        0.        0.       ]
[2.0022464 0.        0.        ... 0.        0.        0.       ]
[2.5829206 0.        0.        ... 0.        0.        0.       ]
[0. 0. 0. ... 0. 0. 0.]
[0. 0. 0. ... 0. 0. 0.]
[1.6127249 0.        0.        ... 0.        0.        0.       ]
[4.5999894 0.        0.        ... 0.        0.        1.1364586]
[0.24554367 0.         0.         ... 0.         0.         0.        ]
[1.3758096 0.        0.        ... 0.        0.        0.       ]
[0. 0. 0. ... 0. 0. 0.]
[5.412416  0.        0.        ... 0.        0.        1.5353891]
[0. 0. 0. ... 0. 0. 0.]
[2.8229585 0.        0.        ... 0.        0.        0.       ]
[0.         0.         0.01798751 ... 0.         0.         0.        ]
[0.8076586 0.        0.        ... 0.        0.        0.9162247]
[3.4214842 0.        0.        ... 0.        0.        0.       ]
[2.8491375 0.        0.        ... 0.        0.        0.       ]
[0.7987693  0.         0.27150774 ... 0.         0.         0.07290626]
[4.139929 0.       0.       ... 0.       0.       0.      ]
[5.8495812 0.        0.6059294 ... 0.        0.        6.0785527]
[0. 0. 0. ... 0. 0. 0.]
[0. 0. 0. ... 0. 0. 0.]
[3.542617 0.       0.       ... 0.       0.       0.      ]
[2.5065837  0.         0.         ... 0.         0.         0.48112953]
[1.4714637 0.        0.        ... 0.        0.        0.       ]
[1.9272684 0.        0.        ... 0.        0.        0.       ]
[0. 0. 0. ... 0. 0. 0.]
[3.187898 0.       0.       ... 0.       0.       1.658637]
[1.8665352 0.        0.        ... 0.        0.        0.       ]
[0. 0. 0. ... 0. 0. 0.]
[0. 0. 0. ... 0. 0. 0.]
[0. 0. 0. ... 0. 0. 0.]
[0. 0. 0. ... 0. 0. 0.]
[1.2468344 0.        0.        ... 0.        0.        0.       ]
[0. 0. 0. ... 0. 0. 0.]
[0. 0. 0. ... 0. 0. 0.]
[0. 0. 0. ... 0. 0. 0.]
[0. 0. 0. ... 0. 0. 0.]
[0.        0.        0.        ... 0.        0.        1.2627186]
[0. 0. 0. ... 0. 0. 0.]
[0. 0. 0. ... 0. 0. 0.]
[0. 0. 0. ... 0. 0. 0.]
[0. 0. 0. ... 0. 0. 0.]
[0. 0. 0. ... 0. 0. 0.]
[0.44528046 0.         0.         ... 0.         0.         0.        ]
[0. 0. 0. ... 0. 0. 0.]
[0. 0. 0. ... 0. 0. 0.]
[0. 0. 0. ... 0. 0. 0.]
[0.         0.         0.         ... 0.         0.         0.37564123]
[0. 0. 0. ... 0. 0. 0.]
[0. 0. 0. ... 0. 0. 0.]
[3.800534 0.       0.       ... 0.       0.       2.07718 ]
[0. 0. 0. ... 0. 0. 0.]
[0. 0. 0. ... 0. 0. 0.]
[0. 0. 0. ... 0. 0. 0.]
[0. 0. 0. ... 0. 0. 0.]
[0. 0. 0. ... 0. 0. 0.]
[0. 0. 0. ... 0. 0. 0.]
[0. 0. 0. ... 0. 0. 0.]
[0.         0.         0.         ... 0.         0.         0.27920258]
[0. 0. 0. ... 0. 0. 0.]
[0. 0. 0. ... 0. 0. 0.]
[0. 0. 0. ... 0. 0. 0.]
[0. 0. 0. ... 0. 0. 0.]
[0. 0. 0. ... 0. 0. 0.]
[0. 0. 0. ... 0. 0. 0.]
[0. 0. 0. ... 0. 0. 0.]
[0. 0. 0. ... 0. 0. 0.]
[0.        0.        0.        ... 0.        0.        2.1249962]
[0. 0. 0. ... 0. 0. 0.]
[0. 0. 0. ... 0. 0. 0.]
[0. 0. 0. ... 0. 0. 0.]
[0. 0. 0. ... 0. 0. 0.]
[0. 0. 0. ... 0. 0. 0.]
[0. 0. 0. ... 0. 0. 0.]
[0. 0. 0. ... 0. 0. 0.]
[0. 0. 0. ... 0. 0. 0.]
[0. 0. 0. ... 0. 0. 0.]
[0. 0. 0. ... 0. 0. 0.]
[0. 0. 0. ... 0. 0. 0.]
[0.        0.        0.7848399 ... 0.        0.        0.       ]
[0. 0. 0. ... 0. 0. 0.]
[0. 0. 0. ... 0. 0. 0.]
[0. 0. 0. ... 0. 0. 0.]
[0. 0. 0. ... 0. 0. 0.]
[0. 0. 0. ... 0. 0. 0.]
[0.        0.        0.        ... 0.        0.        1.1976584]
[0. 0. 0. ... 0. 0. 0.]
[0. 0. 0. ... 0. 0. 0.]
[0. 0. 0. ... 0. 0. 0.]
[0.         0.         0.         ... 0.         0.         0.62913066]
[0. 0. 0. ... 0. 0. 0.]
[0. 0. 0. ... 0. 0. 0.]
[0. 0. 0. ... 0. 0. 0.]
[0. 0. 0. ... 0. 0. 0.]
[0. 0. 0. ... 0. 0. 0.]
[0. 0. 0. ... 0. 0. 0.]
[0. 0. 0. ... 0. 0. 0.]
[0. 0. 0. ... 0. 0. 0.]
[0.        0.        0.4874384 ... 0.        0.        3.5954938]
[0.        0.        0.        ... 0.        0.        1.8301051]
[0.         0.         0.         ... 0.         0.         0.16145217]
[0.       0.       0.       ... 0.       0.       3.533352]
[0. 0. 0. ... 0. 0. 0.]
[0. 0. 0. ... 0. 0. 0.]
[0. 0. 0. ... 0. 0. 0.]
[0. 0. 0. ... 0. 0. 0.]
[0. 0. 0. ... 0. 0. 0.]
[0.        0.4584626 0.        ... 0.        0.        0.       ]
[0. 0. 0. ... 0. 0. 0.]
[0.        0.        0.        ... 0.        0.        1.2521017]
[0.        0.        0.        ... 0.        0.        4.7954845]
[0. 0. 0. ... 0. 0. 0.]
[0. 0. 0. ... 0. 0. 0.]
[0. 0. 0. ... 0. 0. 0.]
[0. 0. 0. ... 0. 0. 0.]
[0. 0. 0. ... 0. 0. 0.]
[0. 0. 0. ... 0. 0. 0.]
[0. 0. 0. ... 0. 0. 0.]
[0.        0.        0.        ... 0.        0.        2.1408436]
[0. 0. 0. ... 0. 0. 0.]
[0.       0.       0.       ... 0.       0.       2.079566]
[0.        0.        0.        ... 0.        0.        2.2171397]
[0. 0. 0. ... 0. 0. 0.]
[0.       0.       0.       ... 0.       0.       5.485172]
[0.        0.        0.        ... 0.        0.        3.7927544]
[0. 0. 0. ... 0. 0. 0.]
[0. 0. 0. ... 0. 0. 0.]
[0.        0.        0.        ... 0.        0.        1.3429064]
[0. 0. 0. ... 0. 0. 0.]
[0. 0. 0. ... 0. 0. 0.]
[0. 0. 0. ... 0. 0. 0.]
[0. 0. 0. ... 0. 0. 0.]
[0. 0. 0. ... 0. 0. 0.]
[2.0353575 0.        0.        ... 0.        0.        1.8846446]
[0. 0. 0. ... 0. 0. 0.]
[0.         0.         0.34436482 ... 0.         0.         0.6273374 ]
[0.        0.        0.        ... 0.        0.        2.4096577]
[0. 0. 0. ... 0. 0. 0.]
[0. 0. 0. ... 0. 0. 0.]
[0.        0.        0.        ... 0.        0.        3.4330246]
[0.        0.        0.7742787 ... 0.        0.        3.3847127]
[0.        0.        1.4276779 ... 0.        0.        0.       ]
[0. 0. 0. ... 0. 0. 0.]
[0. 0. 0. ... 0. 0. 0.]
[0. 0. 0. ... 0. 0. 0.]
[0. 0. 0. ... 0. 0. 0.]
[0. 0. 0. ... 0. 0. 0.]
[0. 0. 0. ... 0. 0. 0.]
[0. 0. 0. ... 0. 0. 0.]
[0. 0. 0. ... 0. 0. 0.]
[0. 0. 0. ... 0. 0. 0.]
[0. 0. 0. ... 0. 0. 0.]
[0.       0.       0.       ... 0.       0.       2.766111]
[0. 0. 0. ... 0. 0. 0.]
[0. 0. 0. ... 0. 0. 0.]
[0.        0.        0.        ... 0.        0.        1.1458083]
[0. 0. 0. ... 0. 0. 0.]
[0. 0. 0. ... 0. 0. 0.]
[0. 0. 0. ... 0. 0. 0.]
[0. 0. 0. ... 0. 0. 0.]
[0.        0.        0.        ... 0.        0.        4.9323177]
[0.         0.         0.25105807 ... 0.         0.         0.        ]
[3.4217477 0.        0.        ... 0.        0.        3.4000773]
[0. 0. 0. ... 0. 0. 0.]
[0.        0.        0.        ... 0.        0.        2.0541842]
[0.       0.       0.       ... 0.       0.       1.801426]
[0.         0.         0.         ... 0.         0.         0.20565331]
[0. 0. 0. ... 0. 0. 0.]
[0.         0.         0.03442471 ... 0.         0.         0.        ]
[0.        0.        0.        ... 0.        0.        2.5697384]
[0.       0.       0.       ... 0.       0.       5.014948]
[0.        0.        0.        ... 0.        0.        2.0080287]
[0. 0. 0. ... 0. 0. 0.]
[0. 0. 0. ... 0. 0. 0.]
[0. 0. 0. ... 0. 0. 0.]
[0. 0. 0. ... 0. 0. 0.]
[0. 0. 0. ... 0. 0. 0.]
[0.        0.        0.        ... 0.        0.        2.1300693]
[0. 0. 0. ... 0. 0. 0.]
[2.326848  0.        0.        ... 0.        0.        2.6699986]
[5.9311595 0.        0.        ... 0.        0.        5.7280188]
[0. 0. 0. ... 0. 0. 0.]
[0.         0.         0.         ... 0.         0.         0.20272177]
[0. 0. 0. ... 0. 0. 0.]
[0.        0.        0.        ... 0.        0.        3.4935868]
[1.4874945 0.        0.        ... 0.        0.        1.9599907]
[0.        0.        0.        ... 0.        0.        2.2162254]
[0. 0. 0. ... 0. 0. 0.]
[1.8143598 0.        0.        ... 0.        0.        0.       ]
[0. 0. 0. ... 0. 0. 0.]
[0.       0.       0.       ... 0.       0.       2.544001]
[0. 0. 0. ... 0. 0. 0.]
[0.        0.        0.        ... 0.        0.        0.8582909]
[0. 0. 0. ... 0. 0. 0.]
[0. 0. 0. ... 0. 0. 0.]
[0. 0. 0. ... 0. 0. 0.]
[0.        0.        0.        ... 0.        0.        2.0571392]
[0. 0. 0. ... 0. 0. 0.]
[0. 0. 0. ... 0. 0. 0.]
[0. 0. 0. ... 0. 0. 0.]
[0.        0.        0.        ... 0.        0.        1.7337911]
[0.         0.         0.         ... 0.         0.         0.25739455]
[0. 0. 0. ... 0. 0. 0.]
[0.         0.         0.         ... 0.         0.         0.04842698]
[0.        0.        0.        ... 0.        0.        1.8612176]
[0. 0. 0. ... 0. 0. 0.]
[0. 0. 0. ... 0. 0. 0.]
[0.        0.        0.        ... 0.        0.        0.9340961]
[0. 0. 0. ... 0. 0. 0.]
[0. 0. 0. ... 0. 0. 0.]
[0.         0.         0.         ... 0.         0.         0.12074497]
[0. 0. 0. ... 0. 0. 0.]
[0. 0. 0. ... 0. 0. 0.]
[0.        0.        0.        ... 0.        0.        1.1692754]
[0. 0. 0. ... 0. 0. 0.]
[0. 0. 0. ... 0. 0. 0.]
[0. 0. 0. ... 0. 0. 0.]
[0. 0. 0. ... 0. 0. 0.]
[0. 0. 0. ... 0. 0. 0.]
[0. 0. 0. ... 0. 0. 0.]
[0.         0.         0.         ... 0.         0.         0.71688735]
[0. 0. 0. ... 0. 0. 0.]
[0.        0.        0.        ... 0.        0.        3.8648057]
[0.77545494 0.         0.         ... 0.         0.         0.        ]
[0.        0.        1.0110422 ... 0.        0.        6.216198 ]
[0. 0. 0. ... 0. 0. 0.]
[0. 0. 0. ... 0. 0. 0.]
[0. 0. 0. ... 0. 0. 0.]
[0. 0. 0. ... 0. 0. 0.]
[0. 0. 0. ... 0. 0. 0.]
[0. 0. 0. ... 0. 0. 0.]
[0. 0. 0. ... 0. 0. 0.]
[2.8631773 0.        0.        ... 0.        0.        0.       ]
[0. 0. 0. ... 0. 0. 0.]
[0. 0. 0. ... 0. 0. 0.]
[0. 0. 0. ... 0. 0. 0.]
[1.6146132 0.        0.        ... 0.        0.        0.       ]
[0. 0. 0. ... 0. 0. 0.]
[0.        0.        0.        ... 0.        0.        2.2466552]
[0.        0.        0.        ... 0.        0.        1.1396475]
[0. 0. 0. ... 0. 0. 0.]
[0. 0. 0. ... 0. 0. 0.]
[0. 0. 0. ... 0. 0. 0.]
[0.         0.         0.         ... 0.         0.         0.21300697]
[0. 0. 0. ... 0. 0. 0.]
[1.8487935  0.         0.03188657 ... 0.         0.         0.04541837]
[0. 0. 0. ... 0. 0. 0.]
[0. 0. 0. ... 0. 0. 0.]
[0. 0. 0. ... 0. 0. 0.]
[0. 0. 0. ... 0. 0. 0.]
[0.        0.        0.        ... 0.        0.        0.4316514]
[0. 0. 0. ... 0. 0. 0.]
[1.0999591 0.        0.        ... 0.        0.        0.       ]
[0. 0. 0. ... 0. 0. 0.]
[0. 0. 0. ... 0. 0. 0.]
[0.        0.        0.        ... 0.        0.        0.8864452]
[0. 0. 0. ... 0. 0. 0.]
[0.        0.        0.        ... 0.        0.        2.1799927]
[0. 0. 0. ... 0. 0. 0.]
[0.         0.         0.76153845 ... 0.         0.         0.        ]
[0.34687397 0.         0.         ... 0.         0.         0.        ]
[0.        0.        0.        ... 0.        0.        0.7559782]
[0.        0.        0.        ... 0.        0.        1.3228773]
[0.         0.         0.         ... 0.         0.         0.09518116]
[0. 0. 0. ... 0. 0. 0.]
[0.        0.5165327 0.        ... 0.        0.        0.       ]
[0. 0. 0. ... 0. 0. 0.]
[0. 0. 0. ... 0. 0. 0.]
[0. 0. 0. ... 0. 0. 0.]
[0. 0. 0. ... 0. 0. 0.]
[0. 0. 0. ... 0. 0. 0.]
[0. 0. 0. ... 0. 0. 0.]
[0. 0. 0. ... 0. 0. 0.]
[0.        0.        0.        ... 0.        0.        0.6401297]
[0. 0. 0. ... 0. 0. 0.]
[0. 0. 0. ... 0. 0. 0.]
[0. 0. 0. ... 0. 0. 0.]
[0. 0. 0. ... 0. 0. 0.]
[0. 0. 0. ... 0. 0. 0.]
[0. 0. 0. ... 0. 0. 0.]
[0. 0. 0. ... 0. 0. 0.]
[0. 0. 0. ... 0. 0. 0.]
[0. 0. 0. ... 0. 0. 0.]
[0. 0. 0. ... 0. 0. 0.]
[0. 0. 0. ... 0. 0. 0.]
[0. 0. 0. ... 0. 0. 0.]
[0. 0. 0. ... 0. 0. 0.]
[0. 0. 0. ... 0. 0. 0.]
[0. 0. 0. ... 0. 0. 0.]
[0. 0. 0. ... 0. 0. 0.]
[0. 0. 0. ... 0. 0. 0.]
[0. 0. 0. ... 0. 0. 0.]
[0. 0. 0. ... 0. 0. 0.]
[0. 0. 0. ... 0. 0. 0.]
[0. 0. 0. ... 0. 0. 0.]
[0. 0. 0. ... 0. 0. 0.]
[0. 0. 0. ... 0. 0. 0.]
[0.        0.        0.        ... 0.        0.        0.6344148]
[0.         0.02918673 0.         ... 0.         0.         0.        ]
[0.        0.6809209 0.        ... 0.        0.        0.       ]
[0. 0. 0. ... 0. 0. 0.]
[0.         0.         0.         ... 0.         0.         0.25562966]
[0.        2.0998137 0.        ... 0.        0.        0.       ]
[0. 0. 0. ... 0. 0. 0.]
[0.        0.        0.        ... 0.        0.        1.5547878]
[0.         0.         0.         ... 0.         0.         0.17545643]
[0.         0.20942041 0.         ... 0.         0.         0.        ]
[0. 0. 0. ... 0. 0. 0.]
[0.       1.964467 0.       ... 0.       0.       0.      ]
[0. 0. 0. ... 0. 0. 0.]
[0. 0. 0. ... 0. 0. 0.]
[0.         0.         0.         ... 0.         0.         0.14294404]
[0. 0. 0. ... 0. 0. 0.]
[0.        0.        0.        ... 0.        0.        1.6528076]
[0.        0.        0.        ... 0.        0.        0.9625319]
[0. 0. 0. ... 0. 0. 0.]
[0. 0. 0. ... 0. 0. 0.]
[0. 0. 0. ... 0. 0. 0.]
[0. 0. 0. ... 0. 0. 0.]
[0. 0. 0. ... 0. 0. 0.]
[0. 0. 0. ... 0. 0. 0.]
[0. 0. 0. ... 0. 0. 0.]
[0.         0.57883793 0.         ... 0.         0.         0.        ]
[0. 0. 0. ... 0. 0. 0.]
[0. 0. 0. ... 0. 0. 0.]
[0. 0. 0. ... 0. 0. 0.]
[0. 0. 0. ... 0. 0. 0.]
[0.        0.8247044 0.        ... 0.        0.        0.       ]
[0.         0.05745476 0.         ... 0.         0.         0.        ]
[0. 0. 0. ... 0. 0. 0.]
[0.       1.043077 0.       ... 0.       0.       0.      ]
[0.         0.49907145 0.         ... 0.         0.         0.        ]
[0.        0.        0.        ... 0.        0.        1.3619448]
[0. 0. 0. ... 0. 0. 0.]
[0.         0.         0.         ... 0.         0.         0.26649064]
[0.        0.        0.        ... 0.        0.        0.7718386]
[0. 0. 0. ... 0. 0. 0.]
[0. 0. 0. ... 0. 0. 0.]
[0.         0.75758994 0.         ... 0.         0.         0.        ]
[0.         0.17656744 0.         ... 0.         0.         0.        ]
[0. 0. 0. ... 0. 0. 0.]
[0.        1.7669669 0.        ... 0.        0.        0.       ]
[0. 0. 0. ... 0. 0. 0.]
[0. 0. 0. ... 0. 0. 0.]
[0. 0. 0. ... 0. 0. 0.]
[0. 0. 0. ... 0. 0. 0.]
[0. 0. 0. ... 0. 0. 0.]
[0. 0. 0. ... 0. 0. 0.]
[0.       2.656019 0.       ... 0.       0.       0.      ]
[0.        2.3350756 0.        ... 0.        0.        0.       ]
[0.        1.9253832 0.        ... 0.        0.        0.       ]
[0. 0. 0. ... 0. 0. 0.]
[0.         0.         0.         ... 0.         0.         0.55748266]
[0.        0.6813823 0.        ... 0.        0.        0.       ]
[0. 0. 0. ... 0. 0. 0.]
[0. 0. 0. ... 0. 0. 0.]
[0. 0. 0. ... 0. 0. 0.]
[0. 0. 0. ... 0. 0. 0.]
[0.        0.        0.        ... 0.        0.        2.0706143]
[0. 0. 0. ... 0. 0. 0.]
[0.5456943 0.        0.        ... 0.        0.        0.       ]
[0.        0.        0.        ... 0.        0.        2.5109296]
[0.        0.        0.        ... 0.        0.        2.9828002]
[0.       0.       0.       ... 0.       0.       2.147629]
[0.        0.        0.        ... 0.        0.        3.8406196]
[0.21792327 0.         0.         ... 0.         0.         2.6966767 ]
[0.        0.        0.        ... 0.        0.        2.3133712]
[0.        0.        0.        ... 0.        0.        1.1439325]
[0.        0.        0.        ... 0.        0.        2.1646216]
[0.        0.        0.        ... 0.        0.        3.5292768]
[0.        0.        0.        ... 0.        0.        2.7558095]
[0.        0.        0.        ... 0.        0.        2.5934968]
[0.        0.        0.        ... 0.        0.        2.2469392]
[0.        0.        0.        ... 0.        0.        1.0670352]
[0.        0.        0.        ... 0.        0.        0.9348531]
[0.         0.         0.         ... 0.         0.         0.67235184]
[0.        0.        0.        ... 0.        0.        0.8488999]
[0.        0.        0.        ... 0.        0.        2.1205955]
[0. 0. 0. ... 0. 0. 0.]
[0.        0.        0.        ... 0.        0.        2.2761548]
[0.       0.       0.       ... 0.       0.       3.463948]
[0.        0.        0.        ... 0.        0.        1.1975701]
[0.        0.        0.        ... 0.        0.        1.9909772]
[0.        0.        0.        ... 0.        0.        1.8396462]
[0.        0.        0.        ... 0.        0.        4.1862497]
[0.        0.        0.        ... 0.        0.        2.3988435]
[0.        0.        0.        ... 0.        0.        1.7383642]
[2.531475   0.         0.         ... 0.         0.         0.01848357]
[0. 0. 0. ... 0. 0. 0.]
[0.       0.       0.       ... 0.       0.       2.532463]
[0.        0.        0.        ... 0.        0.        2.1198783]
[0.        0.        0.        ... 0.        0.        2.7245378]
[0. 0. 0. ... 0. 0. 0.]
[0. 0. 0. ... 0. 0. 0.]
[0.       0.       0.       ... 0.       0.       3.185448]
[0. 0. 0. ... 0. 0. 0.]
[0.        0.        0.        ... 0.        0.        1.4317076]
[0.        0.        0.        ... 0.        0.        1.9559165]
[0. 0. 0. ... 0. 0. 0.]
[0. 0. 0. ... 0. 0. 0.]
[0.        0.        0.        ... 0.        0.        2.7661908]
[0.       0.       0.       ... 0.       0.       2.173362]
[0. 0. 0. ... 0. 0. 0.]
[0.        0.        0.        ... 0.        0.        2.4804974]
[0. 0. 0. ... 0. 0. 0.]
[0.        0.        0.        ... 0.        0.        1.6389885]
[0. 0. 0. ... 0. 0. 0.]
[0. 0. 0. ... 0. 0. 0.]
[0. 0. 0. ... 0. 0. 0.]
[0. 0. 0. ... 0. 0. 0.]
[0.01855606 0.         0.         ... 0.         0.         0.        ]
[1.799072 0.       0.       ... 0.       0.       0.      ]
[0. 0. 0. ... 0. 0. 0.]
[0. 0. 0. ... 0. 0. 0.]
[1.82751 0.      0.      ... 0.      0.      0.     ]
[0. 0. 0. ... 0. 0. 0.]
[0. 0. 0. ... 0. 0. 0.]
[0. 0. 0. ... 0. 0. 0.]
[0. 0. 0. ... 0. 0. 0.]
[0. 0. 0. ... 0. 0. 0.]
[0. 0. 0. ... 0. 0. 0.]
[0. 0. 0. ... 0. 0. 0.]
[1.5719872  0.30730623 0.         ... 0.         0.         0.        ]
[0. 0. 0. ... 0. 0. 0.]
[0. 0. 0. ... 0. 0. 0.]
[0. 0. 0. ... 0. 0. 0.]
[0. 0. 0. ... 0. 0. 0.]
[0. 0. 0. ... 0. 0. 0.]
[0. 0. 0. ... 0. 0. 0.]
[0. 0. 0. ... 0. 0. 0.]
[0. 0. 0. ... 0. 0. 0.]
[0. 0. 0. ... 0. 0. 0.]
[0. 0. 0. ... 0. 0. 0.]
[0. 0. 0. ... 0. 0. 0.]
[1.7042298  0.02337605 0.         ... 0.         0.         0.        ]
[0. 0. 0. ... 0. 0. 0.]
[0.        0.        0.        ... 0.        0.        6.5541778]
